0 0.697265625 0.650390625 0.0703125 0.125
0 0.634765625 0.5341796875 0.109375 0.064453125
0 0.6826171875 0.4951171875 0.08203125 0.09765625
0 0.626953125 0.4169921875 0.052734375 0.0625
0 0.6064453125 0.3662109375 0.056640625 0.056640625
0 0.5478515625 0.3056640625 0.083984375 0.064453125
0 0.5947265625 0.294921875 0.119140625 0.119140625
0 0.6064453125 0.2109375 0.123046875 0.09765625
0 0.6669921875 0.1826171875 0.091796875 0.146484375
0 0.7138671875 0.1796875 0.099609375 0.228515625
0 0.6875 0.3671875 0.0625 0.201171875
0 0.744140625 0.4228515625 0.099609375 0.31640625
0 0.7373046875 0.626953125 0.12109375 0.23828125
0 0.806640625 0.6767578125 0.05859375 0.10546875
0 0.693359375 0.7587890625 0.078125 0.203125
0 0.73828125 0.7490234375 0.078125 0.109375
0 0.689453125 0.865234375 0.037109375 0.09375
0 0.662109375 0.65625 0.06640625 0.20703125