0 0.078125 0.5068359375 0.15625 0.111328125
0 0.2060546875 0.48046875 0.103515625 0.056640625
0 0.296875 0.4970703125 0.103515625 0.130859375
0 0.3671875 0.55859375 0.076171875 0.134765625
0 0.2802734375 0.63671875 0.0703125 0.087890625
0 0.25390625 0.5810546875 0.064453125 0.091796875
0 0.193359375 0.662109375 0.1640625 0.173828125
0 0.1875 0.7724609375 0.107421875 0.07421875
0 0.2568359375 0.873046875 0.115234375 0.09765625
0 0.326171875 0.919921875 0.076171875 0.072265625
0 0.3828125 0.8857421875 0.103515625 0.095703125
0 0.3359375 0.8076171875 0.103515625 0.208984375
0 0.4013671875 0.6357421875 0.14453125 0.08984375
0 0.4375 0.5576171875 0.083984375 0.13671875
0 0.421875 0.39453125 0.07421875 0.078125
0 0.3564453125 0.3681640625 0.0390625 0.0625
0 0.2626953125 0.3427734375 0.072265625 0.125
0 0.3818359375 0.2275390625 0.056640625 0.064453125
0 0.458984375 0.216796875 0.111328125 0.154296875
0 0.4345703125 0.05859375 0.162109375 0.1171875
0 0.2080078125 0.271484375 0.06640625 0.056640625
0 0.548828125 0.2431640625 0.109375 0.140625
0 0.625 0.3115234375 0.076171875 0.16015625
0 0.5673828125 0.06640625 0.11328125 0.080078125
0 0.818359375 0.1796875 0.1640625 0.1328125
0 0.6552734375 0.458984375 0.095703125 0.0859375
0 0.6298828125 0.53125 0.111328125 0.11328125
0 0.634765625 0.62890625 0.091796875 0.126953125
0 0.607421875 0.7080078125 0.037109375 0.0546875
0 0.4951171875 0.6416015625 0.08203125 0.06640625
0 0.5283203125 0.9404296875 0.123046875 0.099609375
0 0.6923828125 0.826171875 0.083984375 0.068359375
0 0.8046875 0.6767578125 0.052734375 0.09375