0 0.3955078125 0.0673828125 0.12890625 0.103515625
0 0.546875 0.076171875 0.2421875 0.125
0 0.47265625 0.1767578125 0.08203125 0.08984375
0 0.4970703125 0.294921875 0.08203125 0.119140625
0 0.4990234375 0.41796875 0.056640625 0.09375
0 0.4501953125 0.6298828125 0.09375 0.20703125
0 0.3896484375 0.6865234375 0.15625 0.171875
0 0.2109375 0.69921875 0.244140625 0.14453125
0 0.0693359375 0.5771484375 0.109375 0.234375
0 0.1591796875 0.3583984375 0.150390625 0.236328125
0 0.2275390625 0.1328125 0.236328125 0.203125
0 0.7216796875 0.2890625 0.4140625 0.240234375
0 0.6748046875 0.09765625 0.19921875 0.109375
0 0.3056640625 0.921875 0.12109375 0.15625
0 0.6259765625 0.7783203125 0.251953125 0.072265625
0 0.775390625 0.658203125 0.189453125 0.16015625
0 0.615234375 0.447265625 0.06640625 0.060546875
0 0.9833984375 0.4072265625 0.033203125 0.2265625
0 0.650390625 0.705078125 0.091796875 0.052734375
0 0.712890625 0.3271484375 0.19921875 0.15625
0 0.3359375 0.2705078125 0.1171875 0.083984375