0 0.501953125 0.1025390625 0.0703125 0.107421875
0 0.4697265625 0.1767578125 0.07421875 0.1328125
0 0.53515625 0.2490234375 0.09765625 0.205078125
0 0.48828125 0.353515625 0.12109375 0.16015625
0 0.4697265625 0.4453125 0.11328125 0.130859375
0 0.46484375 0.544921875 0.08203125 0.103515625
0 0.5048828125 0.5048828125 0.15234375 0.27734375
0 0.5458984375 0.296875 0.06640625 0.255859375
0 0.392578125 0.24609375 0.138671875 0.228515625
0 0.3251953125 0.2880859375 0.119140625 0.1328125
0 0.400390625 0.396484375 0.072265625 0.08984375
0 0.3369140625 0.3583984375 0.08984375 0.048828125
0 0.4140625 0.546875 0.06640625 0.22265625
0 0.3984375 0.669921875 0.11328125 0.197265625
0 0.3916015625 0.7626953125 0.05078125 0.080078125
0 0.470703125 0.6455078125 0.119140625 0.119140625