0 0.1455078125 0.5224609375 0.123046875 0.103515625
0 0.169921875 0.53125 0.03515625 0.025390625
0 0.2724609375 0.466796875 0.099609375 0.0546875
0 0.427734375 0.359375 0.111328125 0.03125
0 0.5537109375 0.4736328125 0.091796875 0.05859375
0 0.296875 0.5927734375 0.173828125 0.056640625
0 0.5849609375 0.6259765625 0.23046875 0.056640625
0 0.66796875 0.5830078125 0.1015625 0.11328125
0 0.6044921875 0.5908203125 0.060546875 0.03515625
0 0.7294921875 0.58203125 0.072265625 0.1015625
0 0.69140625 0.380859375 0.0859375 0.04296875
0 0.8935546875 0.46875 0.103515625 0.078125