0 0.5029296875 0.123046875 0.111328125 0.20703125
0 0.5595703125 0.23828125 0.044921875 0.1015625
0 0.6318359375 0.296875 0.0546875 0.072265625
0 0.5068359375 0.3486328125 0.076171875 0.267578125
0 0.5673828125 0.369140625 0.015625 0.04296875
0 0.650390625 0.4423828125 0.072265625 0.16015625
0 0.609375 0.4755859375 0.076171875 0.173828125
0 0.5595703125 0.5302734375 0.119140625 0.111328125
0 0.4912109375 0.55078125 0.0859375 0.30078125
0 0.595703125 0.60546875 0.095703125 0.068359375
0 0.5732421875 0.734375 0.083984375 0.1328125
0 0.5224609375 0.74609375 0.0546875 0.08203125
0 0.4150390625 0.58984375 0.087890625 0.123046875
0 0.33984375 0.4931640625 0.056640625 0.216796875
0 0.3486328125 0.3505859375 0.0625 0.14453125
0 0.40625 0.244140625 0.154296875 0.08984375
0 0.4677734375 0.1875 0.140625 0.095703125