0 0.3193359375 0.4404296875 0.119140625 0.19140625
0 0.2421875 0.3955078125 0.109375 0.048828125
0 0.4296875 0.4306640625 0.130859375 0.12109375
0 0.1240234375 0.5390625 0.119140625 0.083984375
0 0.353515625 0.55078125 0.103515625 0.06640625
0 0.6357421875 0.69921875 0.115234375 0.05078125
0 0.8310546875 0.5673828125 0.1484375 0.07421875
0 0.5419921875 0.4228515625 0.107421875 0.083984375
0 0.7255859375 0.3896484375 0.087890625 0.068359375
0 0.33984375 0.6279296875 0.07421875 0.06640625
0 0.4912109375 0.546875 0.1171875 0.06640625
0 0.4326171875 0.3466796875 0.1484375 0.064453125
0 0.328125 0.466796875 0.064453125 0.103515625