0 0.6142578125 0.109375 0.0703125 0.18359375
0 0.6005859375 0.26953125 0.115234375 0.275390625
0 0.5615234375 0.427734375 0.08203125 0.283203125
0 0.564453125 0.626953125 0.107421875 0.23046875
0 0.5888671875 0.8017578125 0.076171875 0.1796875
0 0.6142578125 0.9169921875 0.060546875 0.125
0 0.685546875 0.7568359375 0.103515625 0.318359375
0 0.7509765625 0.5869140625 0.140625 0.224609375
0 0.650390625 0.4931640625 0.111328125 0.279296875
0 0.6591796875 0.2802734375 0.060546875 0.193359375
0 0.7578125 0.7529296875 0.06640625 0.13671875