0 0.568359375 0.09375 0.05859375 0.068359375
0 0.44921875 0.3232421875 0.0703125 0.0546875
0 0.486328125 0.4833984375 0.09375 0.10546875
0 0.517578125 0.5517578125 0.068359375 0.091796875
0 0.48046875 0.603515625 0.12890625 0.109375
0 0.4189453125 0.5908203125 0.083984375 0.083984375
0 0.5068359375 0.703125 0.1171875 0.103515625
0 0.5478515625 0.7177734375 0.0390625 0.056640625
0 0.533203125 0.791015625 0.025390625 0.052734375
0 0.5068359375 0.7958984375 0.0625 0.05859375
0 0.537109375 0.8505859375 0.046875 0.064453125
0 0.4853515625 0.76953125 0.072265625 0.166015625
0 0.58984375 0.798828125 0.05078125 0.201171875
0 0.63671875 0.1640625 0.04296875 0.03515625
0 0.4736328125 0.201171875 0.095703125 0.072265625