0 0.390625 0.392578125 0.197265625 0.337890625
0 0.361328125 0.1787109375 0.126953125 0.171875
0 0.4248046875 0.19140625 0.05859375 0.138671875
0 0.2392578125 0.5791015625 0.13671875 0.150390625
0 0.24609375 0.6728515625 0.109375 0.1328125
0 0.33984375 0.658203125 0.103515625 0.17578125
0 0.390625 0.5908203125 0.1875 0.12109375
0 0.4306640625 0.70703125 0.099609375 0.1640625
0 0.3564453125 0.798828125 0.154296875 0.11328125
0 0.3544921875 0.8798828125 0.107421875 0.13671875
0 0.4208984375 0.9248046875 0.052734375 0.080078125
0 0.41796875 0.8525390625 0.0703125 0.087890625