0 0.169921875 0.4609375 0.04296875 0.0625
0 0.23828125 0.626953125 0.048828125 0.048828125
0 0.29296875 0.583984375 0.04296875 0.056640625
0 0.3544921875 0.48046875 0.0625 0.041015625
0 0.4208984375 0.408203125 0.072265625 0.0625
0 0.4345703125 0.48828125 0.05078125 0.03515625
0 0.4404296875 0.5537109375 0.05859375 0.060546875
0 0.3857421875 0.763671875 0.056640625 0.056640625
0 0.2880859375 0.7978515625 0.09375 0.072265625
0 0.4375 0.8701171875 0.109375 0.0546875
0 0.173828125 0.7626953125 0.091796875 0.111328125
0 0.451171875 0.68359375 0.322265625 0.455078125