0 0.3056640625 0.4697265625 0.279296875 0.076171875
0 0.458984375 0.41796875 0.32421875 0.109375
0 0.65625 0.40625 0.31640625 0.1640625
0 0.8779296875 0.4384765625 0.205078125 0.15625
0 0.5498046875 0.51953125 0.2734375 0.06640625
0 0.404296875 0.548828125 0.373046875 0.07421875
0 0.474609375 0.681640625 0.208984375 0.056640625
0 0.642578125 0.638671875 0.171875 0.0390625
0 0.75 0.54296875 0.265625 0.1484375
0 0.443359375 0.6083984375 0.466796875 0.134765625
0 0.1845703125 0.5859375 0.052734375 0.076171875
0 0.275390625 0.4423828125 0.162109375 0.083984375