0 0.55078125 0.1357421875 0.060546875 0.103515625
0 0.3984375 0.2578125 0.091796875 0.125
0 0.458984375 0.2919921875 0.07421875 0.17578125
0 0.3818359375 0.36328125 0.09765625 0.138671875
0 0.3671875 0.45703125 0.076171875 0.12890625
0 0.513671875 0.453125 0.072265625 0.0546875
0 0.6396484375 0.3193359375 0.048828125 0.095703125
0 0.6396484375 0.578125 0.0546875 0.119140625
0 0.533203125 0.7119140625 0.06640625 0.07421875
0 0.4638671875 0.8203125 0.0390625 0.0703125
0 0.484375 0.8896484375 0.04296875 0.078125
0 0.4951171875 0.814453125 0.064453125 0.13671875
0 0.3623046875 0.6533203125 0.0859375 0.24609375