0 0.4736328125 0.1572265625 0.05859375 0.21875
0 0.4306640625 0.259765625 0.068359375 0.095703125
0 0.390625 0.685546875 0.052734375 0.099609375
0 0.5068359375 0.71484375 0.150390625 0.0859375
0 0.5615234375 0.865234375 0.123046875 0.11328125
0 0.48828125 0.9345703125 0.11328125 0.130859375
0 0.5595703125 0.52734375 0.07421875 0.0859375
0 0.5546875 0.33984375 0.064453125 0.076171875
0 0.685546875 0.5126953125 0.05078125 0.150390625
0 0.646484375 0.6767578125 0.0390625 0.05078125
0 0.4501953125 0.5986328125 0.048828125 0.07421875
0 0.4306640625 0.8173828125 0.083984375 0.12109375