0 0.400390625 0.078125 0.109375 0.13671875
0 0.408203125 0.025390625 0.072265625 0.05078125
0 0.5048828125 0.1513671875 0.130859375 0.201171875
0 0.630859375 0.1259765625 0.216796875 0.115234375
0 0.798828125 0.189453125 0.13671875 0.091796875
0 0.9697265625 0.3681640625 0.060546875 0.080078125
0 0.908203125 0.3291015625 0.1015625 0.111328125
0 0.763671875 0.259765625 0.072265625 0.10546875
0 0.6201171875 0.2333984375 0.091796875 0.0390625
0 0.51171875 0.2900390625 0.130859375 0.09375
0 0.4169921875 0.3251953125 0.119140625 0.150390625
0 0.380859375 0.21484375 0.236328125 0.28515625
0 0.259765625 0.349609375 0.24609375 0.396484375
0 0.265625 0.169921875 0.125 0.119140625
0 0.1552734375 0.4267578125 0.19140625 0.380859375
0 0.080078125 0.478515625 0.15625 0.25390625
0 0.205078125 0.6396484375 0.1796875 0.2109375
0 0.361328125 0.697265625 0.142578125 0.408203125
0 0.291015625 0.78125 0.091796875 0.107421875
0 0.4306640625 0.666015625 0.162109375 0.66796875
0 0.72265625 0.4072265625 0.13671875 0.115234375
0 0.7333984375 0.7724609375 0.052734375 0.140625