0 0.333984375 0.615234375 0.099609375 0.203125
0 0.326171875 0.3642578125 0.05078125 0.203125
0 0.3740234375 0.1748046875 0.044921875 0.103515625
0 0.4404296875 0.1328125 0.052734375 0.08984375
0 0.4873046875 0.1005859375 0.078125 0.115234375
0 0.615234375 0.6171875 0.080078125 0.109375
0 0.412109375 0.8427734375 0.123046875 0.17578125
0 0.431640625 0.697265625 0.0859375 0.14453125
0 0.421875 0.498046875 0.068359375 0.03125
0 0.375 0.3876953125 0.060546875 0.072265625
0 0.62890625 0.3984375 0.080078125 0.263671875
0 0.529296875 0.8515625 0.0546875 0.1171875