0 0.5009765625 0.126953125 0.10546875 0.1640625
0 0.3818359375 0.5712890625 0.09375 0.21875
0 0.3935546875 0.705078125 0.154296875 0.150390625
0 0.53515625 0.5478515625 0.111328125 0.150390625
0 0.623046875 0.7060546875 0.0625 0.12890625
0 0.5283203125 0.8857421875 0.1171875 0.06640625
0 0.41015625 0.7041015625 0.076171875 0.158203125
0 0.453125 0.2255859375 0.115234375 0.07421875
0 0.5341796875 0.2958984375 0.052734375 0.07421875
0 0.38671875 0.37109375 0.078125 0.126953125
0 0.6318359375 0.4296875 0.0703125 0.10546875
0 0.5244140625 0.4404296875 0.037109375 0.021484375