0 0.4892578125 0.158203125 0.068359375 0.1640625
0 0.453125 0.216796875 0.115234375 0.091796875
0 0.44140625 0.29296875 0.13671875 0.08984375
0 0.44921875 0.36328125 0.1328125 0.05078125
0 0.4423828125 0.4248046875 0.123046875 0.064453125
0 0.5849609375 0.4072265625 0.072265625 0.1328125
0 0.615234375 0.41796875 0.06640625 0.125
0 0.66015625 0.5751953125 0.052734375 0.103515625
0 0.58984375 0.7998046875 0.068359375 0.06640625
0 0.42578125 0.7587890625 0.0625 0.08984375
0 0.5859375 0.6904296875 0.052734375 0.0859375