0 0.455078125 0.2685546875 0.064453125 0.224609375
0 0.39453125 0.357421875 0.10546875 0.11328125
0 0.3564453125 0.4873046875 0.06640625 0.14453125
0 0.375 0.640625 0.095703125 0.154296875
0 0.3671875 0.7861328125 0.087890625 0.1171875
0 0.4013671875 0.9345703125 0.041015625 0.1015625
0 0.3984375 0.8466796875 0.072265625 0.119140625
0 0.435546875 0.70703125 0.091796875 0.234375
0 0.435546875 0.5068359375 0.1171875 0.294921875
0 0.4951171875 0.4814453125 0.064453125 0.109375
0 0.48828125 0.3115234375 0.078125 0.1640625