0 0.08984375 0.330078125 0.109375 0.1796875
0 0.154296875 0.2294921875 0.056640625 0.09375
0 0.236328125 0.1826171875 0.060546875 0.078125
0 0.2294921875 0.2578125 0.099609375 0.1015625
0 0.18359375 0.3203125 0.169921875 0.09765625
0 0.0634765625 0.5078125 0.091796875 0.134765625
0 0.12109375 0.5107421875 0.056640625 0.107421875
0 0.2802734375 0.3759765625 0.06640625 0.109375
0 0.369140625 0.263671875 0.14453125 0.095703125
0 0.4755859375 0.296875 0.119140625 0.064453125
0 0.443359375 0.3583984375 0.140625 0.072265625
0 0.521484375 0.251953125 0.09765625 0.150390625
0 0.6240234375 0.2421875 0.068359375 0.037109375
0 0.7021484375 0.2333984375 0.0703125 0.111328125
0 0.6650390625 0.2861328125 0.04296875 0.03515625
0 0.6123046875 0.3955078125 0.091796875 0.080078125
0 0.6328125 0.3408203125 0.064453125 0.060546875
0 0.435546875 0.3994140625 0.1875 0.0625
0 0.5029296875 0.4794921875 0.080078125 0.05078125
0 0.4921875 0.6181640625 0.1328125 0.125
0 0.3525390625 0.6455078125 0.12890625 0.060546875
0 0.3662109375 0.59765625 0.123046875 0.07421875
0 0.3544921875 0.4736328125 0.091796875 0.087890625
0 0.3583984375 0.185546875 0.20703125 0.150390625
0 0.49609375 0.05078125 0.13671875 0.1015625
0 0.3935546875 0.0927734375 0.099609375 0.052734375
0 0.67578125 0.1220703125 0.0234375 0.03515625
0 0.7626953125 0.3837890625 0.068359375 0.056640625
0 0.8974609375 0.400390625 0.06640625 0.08984375
0 0.8359375 0.44140625 0.0390625 0.02734375
0 0.951171875 0.4443359375 0.09765625 0.166015625
0 0.8740234375 0.501953125 0.115234375 0.07421875
0 0.7744140625 0.55859375 0.08984375 0.109375
0 0.70703125 0.6015625 0.072265625 0.08984375
0 0.82421875 0.802734375 0.09765625 0.1328125
0 0.3330078125 0.826171875 0.08203125 0.072265625
0 0.173828125 0.6943359375 0.080078125 0.052734375
0 0.462890625 0.7373046875 0.162109375 0.056640625
0 0.634765625 0.970703125 0.072265625 0.05859375