0 0.712890625 0.423828125 0.060546875 0.173828125
0 0.7587890625 0.4052734375 0.0546875 0.087890625
0 0.3173828125 0.4306640625 0.044921875 0.181640625
0 0.361328125 0.31640625 0.1171875 0.05859375
0 0.3837890625 0.2607421875 0.09375 0.130859375
0 0.486328125 0.107421875 0.109375 0.1171875
0 0.5888671875 0.1904296875 0.095703125 0.09765625
0 0.7021484375 0.2724609375 0.13671875 0.146484375
0 0.3037109375 0.58203125 0.1015625 0.140625
0 0.38671875 0.701171875 0.0859375 0.140625
0 0.736328125 0.705078125 0.08203125 0.07421875
0 0.40234375 0.361328125 0.150390625 0.0703125
0 0.41015625 0.166015625 0.0703125 0.080078125
0 0.7705078125 0.50390625 0.068359375 0.115234375