0 0.4462890625 0.146484375 0.06640625 0.076171875
0 0.404296875 0.1298828125 0.029296875 0.095703125
0 0.3193359375 0.3193359375 0.0703125 0.12109375
0 0.3017578125 0.4091796875 0.0859375 0.060546875
0 0.369140625 0.482421875 0.125 0.083984375
0 0.3671875 0.4287109375 0.091796875 0.060546875
0 0.37890625 0.576171875 0.07421875 0.091796875
0 0.279296875 0.5703125 0.056640625 0.1015625
0 0.3125 0.7587890625 0.0703125 0.150390625
0 0.390625 0.6865234375 0.091796875 0.0859375
0 0.4580078125 0.6982421875 0.052734375 0.119140625
0 0.419921875 0.8359375 0.0625 0.1328125
0 0.4462890625 0.947265625 0.0703125 0.10546875
0 0.5498046875 0.7236328125 0.0546875 0.111328125
0 0.5224609375 0.8515625 0.052734375 0.099609375
0 0.474609375 0.5712890625 0.048828125 0.111328125
0 0.474609375 0.3681640625 0.056640625 0.080078125