0 0.30859375 0.2431640625 0.13671875 0.150390625
0 0.4013671875 0.1494140625 0.138671875 0.2109375
0 0.4716796875 0.1005859375 0.095703125 0.10546875
0 0.2216796875 0.314453125 0.15625 0.09765625
0 0.234375 0.548828125 0.328125 0.298828125
0 0.060546875 0.5478515625 0.12109375 0.259765625
0 0.216796875 0.767578125 0.26171875 0.162109375
0 0.4306640625 0.80859375 0.162109375 0.302734375
0 0.388671875 0.953125 0.1171875 0.09375
0 0.3828125 0.4931640625 0.263671875 0.517578125
0 0.7138671875 0.25 0.099609375 0.123046875
0 0.7216796875 0.5771484375 0.0859375 0.072265625
0 0.884765625 0.388671875 0.158203125 0.12890625
0 0.974609375 0.6279296875 0.05078125 0.134765625
0 0.9345703125 0.6240234375 0.068359375 0.076171875
0 0.84765625 0.6884765625 0.140625 0.099609375
0 0.765625 0.7509765625 0.11328125 0.091796875
0 0.6298828125 0.8037109375 0.11328125 0.08984375
0 0.630859375 0.767578125 0.072265625 0.095703125
0 0.541015625 0.490234375 0.080078125 0.166015625
0 0.6201171875 0.869140625 0.26953125 0.115234375