0 0.68359375 0.4736328125 0.0625 0.119140625
0 0.4736328125 0.443359375 0.0625 0.08203125
0 0.7138671875 0.767578125 0.048828125 0.09375
0 0.78125 0.7080078125 0.0703125 0.064453125
0 0.498046875 0.5478515625 0.107421875 0.109375
0 0.560546875 0.728515625 0.068359375 0.041015625
0 0.5849609375 0.23046875 0.185546875 0.23046875
0 0.3984375 0.2978515625 0.109375 0.123046875
0 0.5791015625 0.36328125 0.3359375 0.431640625
0 0.6845703125 0.6494140625 0.41796875 0.328125
0 0.9189453125 0.8759765625 0.162109375 0.193359375