0 0.42578125 0.1337890625 0.07421875 0.19140625
0 0.490234375 0.40234375 0.12109375 0.255859375
0 0.5166015625 0.41796875 0.060546875 0.2109375
0 0.505859375 0.6640625 0.0859375 0.27734375
0 0.4365234375 0.5498046875 0.05078125 0.396484375
0 0.4521484375 0.7451171875 0.044921875 0.30859375
0 0.4052734375 0.7861328125 0.08203125 0.216796875
0 0.3525390625 0.814453125 0.0703125 0.19921875
0 0.3974609375 0.923828125 0.078125 0.15234375
0 0.4677734375 0.921875 0.068359375 0.07421875
0 0.5087890625 0.841796875 0.064453125 0.115234375