0 0.482421875 0.13671875 0.12109375 0.17578125
0 0.5810546875 0.3291015625 0.103515625 0.0859375
0 0.478515625 0.4951171875 0.09375 0.17578125
0 0.537109375 0.49609375 0.08984375 0.130859375
0 0.5634765625 0.5908203125 0.109375 0.1015625
0 0.484375 0.61328125 0.095703125 0.08984375
0 0.4765625 0.6845703125 0.1171875 0.123046875
0 0.4345703125 0.78515625 0.095703125 0.13671875
0 0.416015625 0.822265625 0.06640625 0.123046875
0 0.498046875 0.8154296875 0.109375 0.203125
0 0.5419921875 0.6533203125 0.087890625 0.146484375