0 0.4912109375 0.080078125 0.107421875 0.16015625
0 0.427734375 0.208984375 0.080078125 0.228515625
0 0.328125 0.3779296875 0.05859375 0.267578125
0 0.3818359375 0.3935546875 0.060546875 0.28515625
0 0.3603515625 0.580078125 0.048828125 0.126953125
0 0.345703125 0.626953125 0.091796875 0.19921875
0 0.39453125 0.82421875 0.08203125 0.177734375
0 0.4580078125 0.896484375 0.068359375 0.16015625
0 0.62890625 0.4326171875 0.048828125 0.166015625
0 0.458984375 0.47265625 0.08984375 0.119140625
0 0.515625 0.2880859375 0.10546875 0.173828125