0 0.3212890625 0.4462890625 0.083984375 0.107421875
0 0.2080078125 0.43359375 0.087890625 0.09375
0 0.08984375 0.455078125 0.146484375 0.103515625
0 0.0830078125 0.537109375 0.115234375 0.12109375
0 0.205078125 0.5400390625 0.064453125 0.087890625
0 0.3232421875 0.55078125 0.13671875 0.0625
0 0.12890625 0.2841796875 0.10546875 0.091796875
0 0.27734375 0.19921875 0.107421875 0.095703125
0 0.400390625 0.2548828125 0.125 0.095703125
0 0.40625 0.3505859375 0.150390625 0.080078125
0 0.46875 0.1865234375 0.072265625 0.078125
0 0.3916015625 0.083984375 0.10546875 0.138671875
0 0.3173828125 0.099609375 0.046875 0.083984375
0 0.37890625 0.0263671875 0.0703125 0.052734375
0 0.591796875 0.1005859375 0.09375 0.076171875
0 0.69140625 0.1357421875 0.115234375 0.080078125
0 0.8193359375 0.1962890625 0.083984375 0.123046875
0 0.875 0.3076171875 0.080078125 0.1015625
0 0.943359375 0.431640625 0.11328125 0.14453125
0 0.818359375 0.4228515625 0.08203125 0.10546875
0 0.7421875 0.439453125 0.111328125 0.123046875
0 0.6435546875 0.2744140625 0.0625 0.095703125
0 0.7099609375 0.3271484375 0.08203125 0.13671875
0 0.748046875 0.61328125 0.09375 0.13671875
0 0.837890625 0.5615234375 0.05859375 0.103515625
0 0.8994140625 0.59765625 0.068359375 0.0703125
0 0.6767578125 0.689453125 0.0859375 0.1328125
0 0.626953125 0.7138671875 0.0625 0.041015625
0 0.5615234375 0.6748046875 0.0859375 0.095703125
0 0.19921875 0.662109375 0.123046875 0.0625
0 0.080078125 0.6123046875 0.037109375 0.052734375
0 0.318359375 0.7001953125 0.03515625 0.044921875
0 0.322265625 0.7158203125 0.044921875 0.08203125
0 0.4404296875 0.7294921875 0.044921875 0.048828125
0 0.4833984375 0.7041015625 0.060546875 0.048828125
0 0.83203125 0.767578125 0.064453125 0.09375
0 0.4658203125 0.5224609375 0.10546875 0.103515625
0 0.5439453125 0.373046875 0.0234375 0.04296875
0 0.216796875 0.5244140625 0.38671875 0.349609375
0 0.576171875 0.884765625 0.14453125 0.0625