0 0.3642578125 0.287109375 0.13671875 0.08203125
0 0.2783203125 0.3544921875 0.078125 0.044921875
0 0.4443359375 0.642578125 0.09765625 0.201171875
0 0.5048828125 0.79296875 0.083984375 0.1171875
0 0.4697265625 0.87890625 0.095703125 0.126953125
0 0.4697265625 0.4814453125 0.0546875 0.087890625
0 0.42578125 0.4765625 0.07421875 0.052734375
0 0.3291015625 0.6181640625 0.173828125 0.123046875
0 0.5615234375 0.5869140625 0.078125 0.33203125
0 0.3427734375 0.80859375 0.052734375 0.095703125
0 0.4033203125 0.7451171875 0.1484375 0.1171875
0 0.3935546875 0.3798828125 0.044921875 0.048828125
0 0.4658203125 0.6259765625 0.048828125 0.1015625
0 0.326171875 0.6259765625 0.095703125 0.080078125