0 0.349609375 0.22265625 0.064453125 0.1484375
0 0.5283203125 0.2099609375 0.138671875 0.146484375
0 0.587890625 0.31640625 0.115234375 0.14453125
0 0.4873046875 0.3095703125 0.0625 0.125
0 0.4873046875 0.0859375 0.0625 0.06640625
0 0.3818359375 0.31640625 0.072265625 0.07421875
0 0.341796875 0.3515625 0.115234375 0.09765625
0 0.451171875 0.453125 0.103515625 0.099609375
0 0.474609375 0.6171875 0.072265625 0.095703125
0 0.3955078125 0.6943359375 0.087890625 0.09765625
0 0.5771484375 0.61328125 0.09375 0.13671875
0 0.6123046875 0.6181640625 0.10546875 0.1796875
0 0.5751953125 0.703125 0.09375 0.095703125
0 0.6201171875 0.447265625 0.109375 0.068359375
0 0.59765625 0.81640625 0.060546875 0.109375
0 0.5556640625 0.20703125 0.115234375 0.08984375