0 0.51171875 0.3154296875 0.048828125 0.083984375
0 0.6025390625 0.2724609375 0.0859375 0.083984375
0 0.591796875 0.5224609375 0.130859375 0.1640625
0 0.609375 0.4287109375 0.099609375 0.109375
0 0.572265625 0.6689453125 0.140625 0.26953125
0 0.509765625 0.771484375 0.0703125 0.091796875
0 0.4609375 0.8974609375 0.0703125 0.205078125
0 0.4638671875 0.9482421875 0.0625 0.103515625
0 0.5361328125 0.837890625 0.095703125 0.1171875
0 0.4521484375 0.4931640625 0.130859375 0.31640625
0 0.375 0.5771484375 0.013671875 0.21875
0 0.4482421875 0.751953125 0.134765625 0.228515625
0 0.453125 0.32421875 0.080078125 0.220703125