0 0.337890625 0.576171875 0.0703125 0.099609375
0 0.2939453125 0.6396484375 0.0859375 0.046875
0 0.1806640625 0.451171875 0.1484375 0.072265625
0 0.2548828125 0.4248046875 0.1875 0.142578125
0 0.41796875 0.4287109375 0.13671875 0.138671875
0 0.462890625 0.3564453125 0.201171875 0.05078125
0 0.5419921875 0.4248046875 0.134765625 0.138671875
0 0.6279296875 0.345703125 0.162109375 0.068359375
0 0.6669921875 0.43359375 0.08984375 0.109375
0 0.7373046875 0.4443359375 0.083984375 0.1328125
0 0.82421875 0.4189453125 0.08203125 0.09375
0 0.83203125 0.48046875 0.095703125 0.044921875
0 0.923828125 0.45703125 0.13671875 0.083984375
0 0.7373046875 0.6181640625 0.07421875 0.0390625
0 0.8173828125 0.58203125 0.12109375 0.0703125