0 0.572265625 0.078125 0.068359375 0.140625
0 0.509765625 0.169921875 0.048828125 0.068359375
0 0.439453125 0.27734375 0.07421875 0.111328125
0 0.5078125 0.4853515625 0.06640625 0.087890625
0 0.5771484375 0.5048828125 0.083984375 0.11328125
0 0.5029296875 0.5634765625 0.140625 0.125
0 0.390625 0.43359375 0.060546875 0.064453125
0 0.576171875 0.634765625 0.1015625 0.068359375
0 0.611328125 0.7265625 0.05859375 0.09765625
0 0.576171875 0.775390625 0.04296875 0.0546875
0 0.5908203125 0.8583984375 0.046875 0.080078125
0 0.4814453125 0.91015625 0.06640625 0.076171875