0 0.572265625 0.7470703125 0.09765625 0.1875
0 0.6298828125 0.6904296875 0.154296875 0.41796875
0 0.4375 0.798828125 0.09765625 0.068359375
0 0.5751953125 0.3134765625 0.126953125 0.154296875
0 0.4736328125 0.5654296875 0.1328125 0.197265625
0 0.462890625 0.376953125 0.08984375 0.04296875
0 0.3642578125 0.5205078125 0.052734375 0.103515625
0 0.4716796875 0.59375 0.078125 0.08984375
0 0.64453125 0.4453125 0.05078125 0.041015625
0 0.650390625 0.3291015625 0.046875 0.0546875
0 0.55078125 0.4267578125 0.09375 0.048828125
0 0.4755859375 0.7275390625 0.0546875 0.07421875
0 0.3896484375 0.419921875 0.09375 0.087890625