0 0.44140625 0.0458984375 0.0703125 0.091796875
0 0.4111328125 0.1689453125 0.060546875 0.150390625
0 0.37109375 0.193359375 0.13671875 0.12890625
0 0.3564453125 0.3125 0.1875 0.09375
0 0.265625 0.427734375 0.07421875 0.142578125
0 0.375 0.4404296875 0.091796875 0.123046875
0 0.357421875 0.548828125 0.09765625 0.07421875
0 0.3203125 0.6572265625 0.0859375 0.11328125
0 0.47265625 0.3154296875 0.068359375 0.146484375
0 0.544921875 0.2392578125 0.0625 0.19140625
0 0.544921875 0.431640625 0.06640625 0.078125
0 0.4775390625 0.486328125 0.07421875 0.166015625
0 0.4873046875 0.615234375 0.056640625 0.06640625
0 0.3828125 0.84765625 0.048828125 0.0625
0 0.4501953125 0.8408203125 0.0625 0.095703125
0 0.48046875 0.6884765625 0.064453125 0.048828125
0 0.5537109375 0.6142578125 0.05859375 0.099609375