0 0.552734375 0.2138671875 0.068359375 0.037109375
0 0.6142578125 0.2568359375 0.080078125 0.099609375
0 0.5576171875 0.3154296875 0.048828125 0.068359375
0 0.400390625 0.3515625 0.068359375 0.08203125
0 0.39453125 0.703125 0.060546875 0.107421875
0 0.51953125 0.60546875 0.056640625 0.111328125
0 0.6396484375 0.70703125 0.025390625 0.07421875
0 0.673828125 0.451171875 0.060546875 0.08984375
0 0.5263671875 0.4423828125 0.044921875 0.046875
0 0.4228515625 0.451171875 0.12109375 0.1015625
0 0.4580078125 0.818359375 0.10546875 0.107421875