0 0.0908203125 0.662109375 0.1328125 0.181640625
0 0.171875 0.7763671875 0.083984375 0.0859375
0 0.2294921875 0.7255859375 0.080078125 0.05859375
0 0.244140625 0.697265625 0.248046875 0.193359375
0 0.2939453125 0.841796875 0.19921875 0.142578125
0 0.345703125 0.7099609375 0.1015625 0.1328125
0 0.4501953125 0.6630859375 0.138671875 0.09375
0 0.5302734375 0.724609375 0.068359375 0.04296875
0 0.5166015625 0.78125 0.048828125 0.10546875
0 0.451171875 0.80859375 0.111328125 0.1171875
0 0.482421875 0.939453125 0.125 0.12109375
0 0.611328125 0.7744140625 0.099609375 0.05078125
0 0.7119140625 0.7861328125 0.103515625 0.07421875
0 0.69140625 0.7529296875 0.111328125 0.12109375
0 0.6318359375 0.6083984375 0.130859375 0.119140625
0 0.4072265625 0.5927734375 0.185546875 0.130859375
0 0.078125 0.48828125 0.09375 0.134765625
0 0.3193359375 0.5146484375 0.115234375 0.048828125
0 0.4443359375 0.36328125 0.212890625 0.09765625
0 0.166015625 0.3173828125 0.072265625 0.0546875
0 0.3310546875 0.1865234375 0.078125 0.0625
0 0.470703125 0.271484375 0.177734375 0.03125
0 0.669921875 0.0380859375 0.134765625 0.076171875
0 0.802734375 0.171875 0.13671875 0.115234375
0 0.7177734375 0.38671875 0.146484375 0.107421875
0 0.759765625 0.4453125 0.0859375 0.0859375
0 0.880859375 0.4169921875 0.154296875 0.07421875
0 0.8876953125 0.498046875 0.13671875 0.087890625
0 0.951171875 0.54296875 0.09765625 0.181640625
0 0.7763671875 0.59765625 0.068359375 0.072265625
0 0.85546875 0.580078125 0.0859375 0.076171875
0 0.8251953125 0.74609375 0.076171875 0.142578125
0 0.4853515625 0.4970703125 0.119140625 0.095703125