0 0.5458984375 0.0380859375 0.046875 0.0390625
0 0.580078125 0.185546875 0.078125 0.169921875
0 0.642578125 0.2998046875 0.091796875 0.294921875
0 0.6650390625 0.48046875 0.076171875 0.337890625
0 0.44921875 0.1416015625 0.080078125 0.044921875
0 0.4228515625 0.2421875 0.060546875 0.115234375
0 0.3935546875 0.4619140625 0.0546875 0.287109375
0 0.3896484375 0.607421875 0.099609375 0.25390625
0 0.5185546875 0.3359375 0.09765625 0.138671875
0 0.431640625 0.4189453125 0.1171875 0.740234375
0 0.5986328125 0.8095703125 0.078125 0.06640625