0 0.3681640625 0.3447265625 0.080078125 0.12109375
0 0.3232421875 0.5576171875 0.0625 0.109375
0 0.3408203125 0.4931640625 0.064453125 0.080078125
0 0.462890625 0.451171875 0.115234375 0.265625
0 0.46875 0.5791015625 0.0703125 0.052734375
0 0.505859375 0.201171875 0.07421875 0.171875
0 0.5126953125 0.10546875 0.0703125 0.158203125
0 0.4501953125 0.248046875 0.130859375 0.201171875
0 0.5654296875 0.220703125 0.115234375 0.25
0 0.583984375 0.42578125 0.154296875 0.185546875
0 0.5732421875 0.5537109375 0.11328125 0.1328125
0 0.4921875 0.6611328125 0.1328125 0.18359375
0 0.5 0.7724609375 0.126953125 0.126953125
0 0.5791015625 0.7001953125 0.048828125 0.201171875
0 0.41015625 0.8173828125 0.0625 0.083984375