0 0.6982421875 0.0537109375 0.11328125 0.107421875
0 0.3134765625 0.671875 0.462890625 0.1875
0 0.525390625 0.5009765625 0.095703125 0.072265625
0 0.4326171875 0.544921875 0.251953125 0.07421875
0 0.205078125 0.3134765625 0.173828125 0.154296875
0 0.3193359375 0.271484375 0.154296875 0.1484375
0 0.4287109375 0.2001953125 0.169921875 0.068359375
0 0.5517578125 0.29296875 0.162109375 0.09765625
0 0.642578125 0.2470703125 0.22265625 0.080078125
0 0.7607421875 0.3046875 0.123046875 0.091796875
0 0.9189453125 0.318359375 0.15234375 0.1796875
0 0.9296875 0.490234375 0.0859375 0.072265625
0 0.8125 0.53125 0.107421875 0.14453125
0 0.896484375 0.6650390625 0.064453125 0.1796875
0 0.583984375 0.8798828125 0.16796875 0.240234375
0 0.64453125 0.7041015625 0.12109375 0.076171875
0 0.7412109375 0.90234375 0.15234375 0.134765625
0 0.875 0.7880859375 0.123046875 0.279296875
0 0.638671875 0.3779296875 0.1953125 0.10546875
0 0.4169921875 0.908203125 0.37109375 0.18359375
0 0.107421875 0.412109375 0.111328125 0.087890625
0 0.669921875 0.12109375 0.208984375 0.0859375