0 0.9052734375 0.3173828125 0.099609375 0.083984375
0 0.962890625 0.6220703125 0.07421875 0.1171875
0 0.576171875 0.4775390625 0.146484375 0.080078125
0 0.662109375 0.4384765625 0.048828125 0.04296875
0 0.1923828125 0.2314453125 0.134765625 0.11328125
0 0.328125 0.275390625 0.162109375 0.08203125
0 0.357421875 0.232421875 0.09765625 0.05078125
0 0.119140625 0.2919921875 0.130859375 0.078125
0 0.052734375 0.337890625 0.1015625 0.078125
0 0.046875 0.431640625 0.091796875 0.134765625
0 0.0751953125 0.5166015625 0.1171875 0.083984375
0 0.125 0.4111328125 0.08984375 0.193359375
0 0.181640625 0.392578125 0.091796875 0.201171875
0 0.2353515625 0.3544921875 0.072265625 0.1953125
0 0.2939453125 0.3671875 0.091796875 0.15625
0 0.3671875 0.34765625 0.087890625 0.13671875
0 0.6318359375 0.7861328125 0.0859375 0.13671875
0 0.1181640625 0.703125 0.083984375 0.130859375
0 0.193359375 0.7744140625 0.0546875 0.10546875
0 0.3857421875 0.89453125 0.181640625 0.095703125
0 0.443359375 0.94140625 0.12890625 0.1171875
0 0.5244140625 0.9150390625 0.1484375 0.12109375
0 0.283203125 0.83203125 0.076171875 0.08203125