0 0.294921875 0.345703125 0.037109375 0.16015625
0 0.265625 0.4951171875 0.037109375 0.142578125
0 0.275390625 0.640625 0.056640625 0.1640625
0 0.3740234375 0.5751953125 0.142578125 0.0859375
0 0.404296875 0.6591796875 0.04296875 0.09765625
0 0.375 0.736328125 0.078125 0.287109375
0 0.330078125 0.7763671875 0.05078125 0.11328125
0 0.4384765625 0.84765625 0.07421875 0.240234375
0 0.4775390625 0.744140625 0.140625 0.185546875
0 0.5029296875 0.6103515625 0.1015625 0.21875
0 0.5009765625 0.4365234375 0.09765625 0.13671875
0 0.5546875 0.5498046875 0.09375 0.330078125