0 0.5 0.1201171875 0.083984375 0.140625
0 0.5146484375 0.251953125 0.095703125 0.13671875
0 0.5634765625 0.376953125 0.111328125 0.1484375
0 0.640625 0.3486328125 0.138671875 0.083984375
0 0.6357421875 0.23046875 0.2109375 0.224609375
0 0.4755859375 0.3701171875 0.130859375 0.287109375
0 0.51953125 0.51171875 0.12890625 0.072265625
0 0.546875 0.6435546875 0.154296875 0.25
0 0.5966796875 0.5537109375 0.107421875 0.328125
0 0.4736328125 0.53515625 0.087890625 0.216796875
0 0.60546875 0.765625 0.060546875 0.10546875