0 0.337890625 0.576171875 0.0625 0.265625
0 0.376953125 0.7802734375 0.080078125 0.119140625
0 0.46875 0.9013671875 0.09765625 0.068359375
0 0.5849609375 0.677734375 0.025390625 0.046875
0 0.5166015625 0.3974609375 0.048828125 0.060546875
0 0.35546875 0.408203125 0.044921875 0.03515625
0 0.4990234375 0.208984375 0.02734375 0.064453125
0 0.453125 0.0927734375 0.03515625 0.052734375
0 0.63671875 0.458984375 0.046875 0.150390625
0 0.39453125 0.55078125 0.04296875 0.115234375
0 0.4375 0.7138671875 0.08203125 0.18359375