0 0.3701171875 0.0390625 0.130859375 0.078125
0 0.26953125 0.1103515625 0.044921875 0.08984375
0 0.2978515625 0.220703125 0.052734375 0.056640625
0 0.451171875 0.255859375 0.10546875 0.08984375
0 0.6083984375 0.2373046875 0.24609375 0.2109375
0 0.6767578125 0.142578125 0.099609375 0.28515625
0 0.7431640625 0.37890625 0.087890625 0.1875
0 0.5576171875 0.4052734375 0.091796875 0.111328125
0 0.591796875 0.5615234375 0.109375 0.0625
0 0.419921875 0.4462890625 0.0625 0.08203125
0 0.1845703125 0.71484375 0.0546875 0.18359375
0 0.2890625 0.5185546875 0.173828125 0.32421875
0 0.5341796875 0.794921875 0.150390625 0.09765625
0 0.5751953125 0.634765625 0.1796875 0.154296875
0 0.4794921875 0.849609375 0.15234375 0.072265625
0 0.69140625 0.8505859375 0.0703125 0.08203125