0 0.548828125 0.078125 0.111328125 0.078125
0 0.423828125 0.2548828125 0.111328125 0.111328125
0 0.51171875 0.458984375 0.072265625 0.150390625
0 0.4140625 0.498046875 0.06640625 0.10546875
0 0.53125 0.78515625 0.078125 0.14453125
0 0.568359375 0.705078125 0.048828125 0.0859375
0 0.486328125 0.8134765625 0.029296875 0.041015625
0 0.4482421875 0.923828125 0.072265625 0.146484375
0 0.3662109375 0.7021484375 0.02734375 0.068359375
0 0.5693359375 0.1572265625 0.029296875 0.0703125
0 0.4150390625 0.146484375 0.060546875 0.109375
0 0.412109375 0.38671875 0.0703125 0.048828125
0 0.341796875 0.5654296875 0.041015625 0.05859375
0 0.6103515625 0.55859375 0.037109375 0.056640625