0 0.3642578125 0.3125 0.044921875 0.1640625
0 0.490234375 0.2646484375 0.072265625 0.099609375
0 0.5654296875 0.3544921875 0.0703125 0.232421875
0 0.5888671875 0.40625 0.04296875 0.068359375
0 0.5302734375 0.4599609375 0.05078125 0.119140625
0 0.5625 0.5654296875 0.0390625 0.1171875
0 0.5947265625 0.62890625 0.095703125 0.17578125
0 0.5947265625 0.736328125 0.0703125 0.08203125
0 0.3671875 0.5380859375 0.068359375 0.208984375
0 0.396484375 0.5986328125 0.076171875 0.42578125
0 0.4560546875 0.7734375 0.076171875 0.419921875
0 0.4462890625 0.5087890625 0.064453125 0.26953125
0 0.408203125 0.328125 0.095703125 0.166015625
0 0.552734375 0.7216796875 0.044921875 0.099609375