0 0.5615234375 0.30859375 0.1015625 0.423828125
0 0.6123046875 0.3623046875 0.126953125 0.3515625
0 0.560546875 0.5830078125 0.115234375 0.1875
0 0.5712890625 0.6083984375 0.078125 0.08984375
0 0.64453125 0.607421875 0.06640625 0.19140625
0 0.5517578125 0.7470703125 0.083984375 0.20703125
0 0.615234375 0.7392578125 0.05078125 0.150390625
0 0.521484375 0.8828125 0.080078125 0.150390625
0 0.4892578125 0.8447265625 0.07421875 0.123046875
0 0.3837890625 0.7080078125 0.087890625 0.12890625
0 0.466796875 0.7373046875 0.109375 0.154296875
0 0.4755859375 0.828125 0.09765625 0.11328125
0 0.42578125 0.787109375 0.078125 0.0859375