0 0.607421875 0.1123046875 0.078125 0.1875
0 0.6064453125 0.283203125 0.142578125 0.287109375
0 0.6005859375 0.400390625 0.119140625 0.275390625
0 0.6416015625 0.517578125 0.0625 0.25390625
0 0.517578125 0.5048828125 0.080078125 0.095703125
0 0.5283203125 0.4033203125 0.072265625 0.177734375
0 0.5244140625 0.6298828125 0.048828125 0.20703125
0 0.5634765625 0.6220703125 0.111328125 0.25390625
0 0.5029296875 0.6953125 0.0546875 0.169921875
0 0.525390625 0.8134765625 0.03515625 0.08984375
0 0.5556640625 0.76171875 0.083984375 0.109375
0 0.4814453125 0.7314453125 0.078125 0.056640625