0 0.5419921875 0.37109375 0.140625 0.119140625
0 0.59765625 0.3349609375 0.142578125 0.130859375
0 0.5234375 0.2900390625 0.083984375 0.08203125
0 0.7060546875 0.4111328125 0.109375 0.111328125
0 0.6748046875 0.4912109375 0.0625 0.0703125
0 0.6328125 0.5537109375 0.0390625 0.099609375
0 0.658203125 0.5947265625 0.0625 0.08203125
0 0.6787109375 0.7158203125 0.06640625 0.095703125
0 0.546875 0.712890625 0.13671875 0.130859375
0 0.6025390625 0.7958984375 0.0859375 0.107421875
0 0.6474609375 0.8779296875 0.08984375 0.08984375
0 0.509765625 0.484375 0.0625 0.072265625
0 0.4853515625 0.4716796875 0.119140625 0.1875
0 0.6220703125 0.5869140625 0.251953125 0.236328125
0 0.72265625 0.736328125 0.12109375 0.150390625
0 0.7802734375 0.6513671875 0.095703125 0.205078125
0 0.7158203125 0.814453125 0.103515625 0.146484375