0 0.595703125 0.08203125 0.056640625 0.13671875
0 0.615234375 0.2333984375 0.037109375 0.142578125
0 0.6298828125 0.3515625 0.037109375 0.119140625
0 0.53125 0.166015625 0.107421875 0.03125
0 0.5283203125 0.1416015625 0.072265625 0.06640625
0 0.4658203125 0.2080078125 0.04296875 0.0625
0 0.4248046875 0.296875 0.05859375 0.064453125
0 0.3994140625 0.4267578125 0.037109375 0.142578125
0 0.4794921875 0.50390625 0.0546875 0.0703125
0 0.572265625 0.57421875 0.099609375 0.087890625
0 0.564453125 0.693359375 0.0546875 0.087890625
0 0.642578125 0.462890625 0.056640625 0.208984375