0 0.45703125 0.373046875 0.162109375 0.10546875
0 0.3134765625 0.0576171875 0.138671875 0.115234375
0 0.224609375 0.2880859375 0.1484375 0.126953125
0 0.0908203125 0.45703125 0.138671875 0.322265625
0 0.1748046875 0.79296875 0.2109375 0.283203125
0 0.380859375 0.89453125 0.115234375 0.125
0 0.4833984375 0.71484375 0.123046875 0.138671875
0 0.369140625 0.732421875 0.150390625 0.05859375
0 0.47265625 0.5498046875 0.091796875 0.1875
0 0.7236328125 0.6806640625 0.37890625 0.173828125
0 0.5703125 0.8896484375 0.4453125 0.212890625
0 0.646484375 0.259765625 0.056640625 0.173828125
0 0.7802734375 0.314453125 0.244140625 0.2265625
0 0.40234375 0.251953125 0.224609375 0.150390625
0 0.2734375 0.3828125 0.201171875 0.07421875
0 0.2197265625 0.55859375 0.064453125 0.046875
0 0.646484375 0.5615234375 0.099609375 0.0390625
0 0.3642578125 0.912109375 0.22265625 0.154296875