0 0.49609375 0.11328125 0.044921875 0.078125
0 0.3564453125 0.255859375 0.044921875 0.099609375
0 0.384765625 0.6044921875 0.140625 0.189453125
0 0.4306640625 0.7958984375 0.056640625 0.078125
0 0.47265625 0.8310546875 0.109375 0.326171875
0 0.5107421875 0.857421875 0.083984375 0.08984375
0 0.5703125 0.5576171875 0.091796875 0.1171875
0 0.5517578125 0.333984375 0.05859375 0.0859375
0 0.42578125 0.4658203125 0.041015625 0.064453125
0 0.3837890625 0.5458984375 0.09375 0.126953125
0 0.37890625 0.7431640625 0.044921875 0.083984375