0 0.548828125 0.0634765625 0.109375 0.111328125
0 0.4931640625 0.125 0.09375 0.111328125
0 0.5615234375 0.208984375 0.08203125 0.08203125
0 0.4765625 0.2392578125 0.044921875 0.05078125
0 0.4462890625 0.4140625 0.060546875 0.091796875
0 0.609375 0.3759765625 0.080078125 0.23828125
0 0.65625 0.4306640625 0.041015625 0.28125
0 0.5849609375 0.5166015625 0.1015625 0.146484375
0 0.6044921875 0.6787109375 0.11328125 0.185546875
0 0.484375 0.6748046875 0.103515625 0.083984375
0 0.537109375 0.912109375 0.0546875 0.130859375
0 0.46875 0.4775390625 0.0859375 0.087890625