0 0.6455078125 0.5771484375 0.16796875 0.150390625
0 0.72265625 0.5810546875 0.1484375 0.115234375
0 0.77734375 0.455078125 0.078125 0.109375
0 0.794921875 0.5341796875 0.109375 0.08203125
0 0.673828125 0.4853515625 0.162109375 0.0703125
0 0.556640625 0.341796875 0.140625 0.076171875
0 0.3916015625 0.4345703125 0.19921875 0.078125
0 0.15625 0.6337890625 0.134765625 0.12109375
0 0.279296875 0.6357421875 0.154296875 0.12890625
0 0.5029296875 0.583984375 0.140625 0.091796875
0 0.400390625 0.4833984375 0.099609375 0.0625