0 0.57421875 0.3330078125 0.078125 0.099609375
0 0.43359375 0.1962890625 0.125 0.158203125
0 0.4267578125 0.3466796875 0.11328125 0.12890625
0 0.3857421875 0.455078125 0.109375 0.2890625
0 0.3916015625 0.658203125 0.123046875 0.197265625
0 0.4384765625 0.6826171875 0.0859375 0.271484375
0 0.4228515625 0.8583984375 0.11328125 0.142578125
0 0.5908203125 0.7958984375 0.04296875 0.0625
0 0.6142578125 0.701171875 0.0859375 0.140625
0 0.66015625 0.4404296875 0.029296875 0.107421875
0 0.466796875 0.494140625 0.052734375 0.240234375