0 0.39453125 0.1474609375 0.044921875 0.06640625
0 0.3583984375 0.2021484375 0.05859375 0.064453125
0 0.509765625 0.0625 0.048828125 0.095703125
0 0.50390625 0.146484375 0.037109375 0.07421875
0 0.4873046875 0.26171875 0.044921875 0.12890625
0 0.537109375 0.2802734375 0.05859375 0.228515625
0 0.5244140625 0.3955078125 0.08203125 0.16796875
0 0.50390625 0.4892578125 0.056640625 0.251953125
0 0.568359375 0.4619140625 0.125 0.193359375
0 0.5703125 0.6591796875 0.080078125 0.232421875
0 0.5224609375 0.7158203125 0.115234375 0.251953125
0 0.4736328125 0.8173828125 0.037109375 0.232421875
0 0.3935546875 0.55859375 0.11328125 0.125
0 0.349609375 0.60546875 0.115234375 0.099609375
0 0.380859375 0.69140625 0.07421875 0.10546875
0 0.3642578125 0.484375 0.0703125 0.119140625
0 0.326171875 0.52734375 0.080078125 0.166015625