0 0.099609375 0.5478515625 0.048828125 0.048828125
0 0.205078125 0.498046875 0.072265625 0.06640625
0 0.40234375 0.4697265625 0.130859375 0.0703125
0 0.455078125 0.36328125 0.169921875 0.07421875
0 0.6689453125 0.4140625 0.068359375 0.0546875
0 0.6884765625 0.46875 0.1015625 0.06640625
0 0.8994140625 0.51171875 0.083984375 0.0859375
0 0.83203125 0.5556640625 0.197265625 0.056640625
0 0.708984375 0.5888671875 0.1484375 0.080078125
0 0.7685546875 0.6279296875 0.1953125 0.080078125
0 0.6455078125 0.662109375 0.111328125 0.08203125
0 0.5732421875 0.677734375 0.138671875 0.05078125
0 0.5341796875 0.59375 0.08203125 0.064453125
0 0.400390625 0.6279296875 0.068359375 0.05078125
0 0.4736328125 0.685546875 0.1640625 0.103515625
0 0.1845703125 0.5537109375 0.130859375 0.0390625