0 0.423828125 0.1767578125 0.0703125 0.14453125
0 0.498046875 0.2841796875 0.099609375 0.259765625
0 0.576171875 0.36328125 0.134765625 0.232421875
0 0.5087890625 0.4853515625 0.1953125 0.44140625
0 0.5732421875 0.60546875 0.19140625 0.306640625
0 0.5322265625 0.787109375 0.12109375 0.31640625
0 0.4111328125 0.6865234375 0.279296875 0.255859375
0 0.294921875 0.716796875 0.1328125 0.134765625
0 0.4140625 0.8427734375 0.1875 0.177734375
0 0.373046875 0.3232421875 0.27734375 0.17578125
0 0.3935546875 0.2666015625 0.29296875 0.212890625