0 0.6123046875 0.1318359375 0.08984375 0.19921875
0 0.6240234375 0.2646484375 0.06640625 0.25
0 0.5986328125 0.31640625 0.099609375 0.2578125
0 0.564453125 0.44921875 0.083984375 0.302734375
0 0.55859375 0.662109375 0.0859375 0.13671875
0 0.6103515625 0.78125 0.052734375 0.21484375
0 0.6025390625 0.8623046875 0.107421875 0.244140625
0 0.646484375 0.595703125 0.099609375 0.357421875
0 0.6884765625 0.2783203125 0.08984375 0.359375
0 0.759765625 0.34765625 0.103515625 0.1484375
0 0.7568359375 0.4443359375 0.123046875 0.12109375
0 0.7509765625 0.5068359375 0.15625 0.060546875
0 0.80859375 0.591796875 0.05078125 0.041015625