0 0.298828125 0.375 0.0546875 0.111328125
0 0.2626953125 0.2783203125 0.1484375 0.3046875
0 0.30078125 0.1396484375 0.048828125 0.1484375
0 0.267578125 0.3046875 0.091796875 0.16796875
0 0.267578125 0.5244140625 0.09765625 0.25
0 0.3505859375 0.4833984375 0.076171875 0.185546875
0 0.400390625 0.42578125 0.064453125 0.1171875
0 0.33984375 0.6826171875 0.095703125 0.28125
0 0.4013671875 0.6416015625 0.0703125 0.078125
0 0.453125 0.716796875 0.12890625 0.142578125
0 0.390625 0.78515625 0.09375 0.166015625
0 0.310546875 0.85546875 0.103515625 0.13671875
0 0.275390625 0.7392578125 0.171875 0.251953125
0 0.2646484375 0.5595703125 0.12109375 0.2421875
0 0.3310546875 0.3701171875 0.0859375 0.212890625