0 0.494140625 0.322265625 0.1640625 0.076171875
0 0.5126953125 0.2373046875 0.173828125 0.130859375
0 0.6357421875 0.1953125 0.248046875 0.140625
0 0.634765625 0.0712890625 0.0859375 0.072265625
0 0.62109375 0.3466796875 0.07421875 0.18359375
0 0.4521484375 0.5380859375 0.072265625 0.119140625
0 0.47265625 0.654296875 0.0859375 0.162109375
0 0.400390625 0.6513671875 0.19140625 0.208984375
0 0.4482421875 0.546875 0.205078125 0.171875
0 0.541015625 0.4853515625 0.193359375 0.30078125
0 0.546875 0.7333984375 0.0625 0.224609375
0 0.478515625 0.8427734375 0.166015625 0.185546875
0 0.6767578125 0.6591796875 0.16015625 0.146484375
0 0.732421875 0.705078125 0.115234375 0.087890625