0 0.267578125 0.40625 0.216796875 0.1171875
0 0.1923828125 0.703125 0.26953125 0.14453125
0 0.3203125 0.5888671875 0.23828125 0.212890625
0 0.4970703125 0.587890625 0.283203125 0.212890625
0 0.6396484375 0.5888671875 0.23828125 0.392578125
0 0.712890625 0.66015625 0.24609375 0.1484375
0 0.7861328125 0.8056640625 0.21875 0.232421875
0 0.892578125 0.9306640625 0.21484375 0.138671875
0 0.4482421875 0.7607421875 0.298828125 0.185546875
0 0.591796875 0.833984375 0.275390625 0.169921875
0 0.232421875 0.5859375 0.140625 0.205078125
0 0.359375 0.404296875 0.10546875 0.08203125
0 0.169921875 0.3037109375 0.048828125 0.083984375
0 0.0390625 0.5244140625 0.078125 0.091796875