0 0.5302734375 0.033203125 0.150390625 0.06640625
0 0.5830078125 0.0947265625 0.169921875 0.0703125
0 0.4716796875 0.0947265625 0.12109375 0.09375
0 0.7265625 0.1591796875 0.123046875 0.111328125
0 0.58984375 0.12109375 0.1484375 0.07421875
0 0.388671875 0.2119140625 0.142578125 0.126953125
0 0.083984375 0.380859375 0.1640625 0.1171875
0 0.3701171875 0.4033203125 0.130859375 0.0625
0 0.4111328125 0.53125 0.216796875 0.09375
0 0.115234375 0.6845703125 0.103515625 0.083984375
0 0.8583984375 0.27734375 0.125 0.125
0 0.939453125 0.5263671875 0.12109375 0.1484375
0 0.841796875 0.51953125 0.189453125 0.154296875
0 0.7548828125 0.6357421875 0.181640625 0.154296875
0 0.662109375 0.6845703125 0.205078125 0.162109375
0 0.6669921875 0.763671875 0.1484375 0.072265625
0 0.8330078125 0.7421875 0.166015625 0.115234375
0 0.908203125 0.6474609375 0.18359375 0.169921875
0 0.3017578125 0.8720703125 0.171875 0.033203125
0 0.498046875 0.9501953125 0.125 0.052734375