0 0.0908203125 0.4892578125 0.1171875 0.095703125
0 0.1689453125 0.4130859375 0.107421875 0.056640625
0 0.271484375 0.3994140625 0.130859375 0.0546875
0 0.3671875 0.4013671875 0.10546875 0.1328125
0 0.451171875 0.349609375 0.154296875 0.06640625
0 0.7783203125 0.4306640625 0.072265625 0.068359375
0 0.3212890625 0.548828125 0.083984375 0.029296875
0 0.529296875 0.5625 0.06640625 0.060546875
0 0.3935546875 0.5048828125 0.142578125 0.0625
0 0.44921875 0.541015625 0.0546875 0.04296875
0 0.68359375 0.5751953125 0.166015625 0.056640625
0 0.1630859375 0.5283203125 0.076171875 0.0546875