0 0.4990234375 0.1845703125 0.060546875 0.134765625
0 0.5576171875 0.2919921875 0.052734375 0.15234375
0 0.548828125 0.4462890625 0.056640625 0.103515625
0 0.3447265625 0.4697265625 0.04296875 0.146484375
0 0.37109375 0.3408203125 0.087890625 0.134765625
0 0.419921875 0.294921875 0.078125 0.130859375
0 0.4560546875 0.2255859375 0.080078125 0.15625
0 0.5107421875 0.35546875 0.095703125 0.099609375
0 0.4775390625 0.4580078125 0.0625 0.044921875
0 0.4482421875 0.4521484375 0.0390625 0.052734375
0 0.3935546875 0.73046875 0.0703125 0.138671875
0 0.5693359375 0.5693359375 0.046875 0.13671875
0 0.513671875 0.740234375 0.052734375 0.0859375
0 0.39453125 0.4453125 0.048828125 0.10546875