0 0.5087890625 0.1474609375 0.1796875 0.138671875
0 0.55078125 0.2841796875 0.10546875 0.1328125
0 0.5419921875 0.373046875 0.1640625 0.076171875
0 0.6396484375 0.40625 0.18359375 0.095703125
0 0.537109375 0.43359375 0.103515625 0.064453125
0 0.3564453125 0.853515625 0.07421875 0.11328125
0 0.2783203125 0.419921875 0.095703125 0.068359375
0 0.3779296875 0.3466796875 0.123046875 0.072265625
0 0.517578125 0.4169921875 0.16796875 0.1640625
0 0.646484375 0.494140625 0.107421875 0.08984375
0 0.3203125 0.8486328125 0.095703125 0.130859375