0 0.4404296875 0.837890625 0.07421875 0.236328125
0 0.3515625 0.697265625 0.142578125 0.107421875
0 0.3779296875 0.7802734375 0.048828125 0.091796875
0 0.2978515625 0.423828125 0.056640625 0.166015625
0 0.31640625 0.29296875 0.12109375 0.111328125
0 0.3857421875 0.345703125 0.0546875 0.095703125
0 0.3359375 0.1923828125 0.07421875 0.181640625
0 0.423828125 0.083984375 0.06640625 0.09375
0 0.4775390625 0.21484375 0.07421875 0.177734375
0 0.4326171875 0.255859375 0.103515625 0.05078125
0 0.5078125 0.400390625 0.052734375 0.150390625
0 0.376953125 0.408203125 0.0703125 0.080078125