0 0.3564453125 0.3974609375 0.083984375 0.125
0 0.275390625 0.517578125 0.064453125 0.224609375
0 0.30859375 0.70703125 0.0625 0.107421875
0 0.4658203125 0.654296875 0.138671875 0.109375
0 0.576171875 0.6787109375 0.091796875 0.08203125
0 0.5126953125 0.7822265625 0.06640625 0.158203125
0 0.615234375 0.8115234375 0.11328125 0.125
0 0.701171875 0.634765625 0.06640625 0.154296875
0 0.6943359375 0.3740234375 0.083984375 0.220703125
0 0.4755859375 0.2568359375 0.041015625 0.30859375
0 0.4892578125 0.9228515625 0.07421875 0.14453125