0 0.5869140625 0.375 0.087890625 0.181640625
0 0.55078125 0.408203125 0.0859375 0.0625
0 0.67578125 0.3662109375 0.068359375 0.08984375
0 0.1748046875 0.34765625 0.09765625 0.05859375
0 0.1611328125 0.421875 0.05859375 0.080078125
0 0.2197265625 0.44921875 0.064453125 0.083984375
0 0.35546875 0.5166015625 0.09765625 0.078125
0 0.4775390625 0.5 0.162109375 0.083984375
0 0.6142578125 0.51953125 0.123046875 0.044921875
0 0.8271484375 0.4716796875 0.15625 0.068359375
0 0.2373046875 0.51953125 0.166015625 0.064453125
0 0.4052734375 0.55859375 0.181640625 0.07421875
0 0.3837890625 0.6064453125 0.0546875 0.041015625
0 0.62890625 0.5576171875 0.2578125 0.095703125
0 0.751953125 0.4736328125 0.19140625 0.087890625
0 0.48828125 0.359375 0.111328125 0.076171875
0 0.0810546875 0.4755859375 0.080078125 0.072265625
0 0.0556640625 0.513671875 0.060546875 0.08203125
0 0.759765625 0.5302734375 0.103515625 0.068359375
0 0.25 0.5283203125 0.19140625 0.08203125
0 0.396484375 0.298828125 0.076171875 0.02734375