0 0.5302734375 0.205078125 0.044921875 0.078125
0 0.5830078125 0.4638671875 0.04296875 0.3203125
0 0.333984375 0.4501953125 0.166015625 0.423828125
0 0.359375 0.6494140625 0.13671875 0.287109375
0 0.3994140625 0.8046875 0.080078125 0.232421875
0 0.4658203125 0.8583984375 0.064453125 0.228515625
0 0.4755859375 0.7587890625 0.115234375 0.208984375
0 0.4912109375 0.6083984375 0.171875 0.46875
0 0.5234375 0.30859375 0.109375 0.234375
0 0.4287109375 0.271484375 0.154296875 0.25
0 0.3427734375 0.236328125 0.083984375 0.07421875
0 0.4697265625 0.1611328125 0.1484375 0.130859375