0 0.17578125 0.3720703125 0.080078125 0.0625
0 0.359375 0.328125 0.10546875 0.091796875
0 0.4541015625 0.3466796875 0.142578125 0.06640625
0 0.54296875 0.36328125 0.138671875 0.068359375
0 0.591796875 0.265625 0.16015625 0.06640625
0 0.7626953125 0.3076171875 0.16015625 0.08203125
0 0.7314453125 0.3857421875 0.232421875 0.09765625
0 0.9140625 0.4033203125 0.171875 0.119140625
0 0.7021484375 0.45703125 0.189453125 0.068359375
0 0.4833984375 0.470703125 0.078125 0.06640625
0 0.5625 0.5302734375 0.109375 0.06640625
0 0.7265625 0.546875 0.169921875 0.05859375
0 0.4052734375 0.478515625 0.107421875 0.068359375
0 0.435546875 0.51171875 0.076171875 0.05859375
0 0.2724609375 0.42578125 0.046875 0.037109375
0 0.5615234375 0.45703125 0.078125 0.068359375
0 0.8505859375 0.5166015625 0.076171875 0.072265625