0 0.3583984375 0.3115234375 0.0703125 0.12109375
0 0.4140625 0.2080078125 0.111328125 0.14453125
0 0.482421875 0.1923828125 0.10546875 0.171875
0 0.52734375 0.1376953125 0.083984375 0.189453125
0 0.5791015625 0.234375 0.080078125 0.2109375
0 0.533203125 0.3564453125 0.05859375 0.298828125
0 0.6005859375 0.3935546875 0.111328125 0.28515625
0 0.6484375 0.544921875 0.05859375 0.3515625
0 0.5380859375 0.6025390625 0.060546875 0.3125
0 0.5849609375 0.6328125 0.078125 0.283203125
0 0.51953125 0.8203125 0.06640625 0.205078125
0 0.5859375 0.8330078125 0.09375 0.26953125
0 0.6396484375 0.734375 0.0546875 0.13671875