0 0.091796875 0.037109375 0.142578125 0.07421875
0 0.236328125 0.232421875 0.208984375 0.259765625
0 0.2861328125 0.185546875 0.140625 0.23046875
0 0.3974609375 0.130859375 0.091796875 0.064453125
0 0.5732421875 0.16796875 0.10546875 0.072265625
0 0.5322265625 0.3076171875 0.109375 0.087890625
0 0.6630859375 0.306640625 0.1328125 0.06640625
0 0.8125 0.3720703125 0.23046875 0.07421875
0 0.8466796875 0.4306640625 0.126953125 0.068359375
0 0.576171875 0.4892578125 0.146484375 0.119140625
0 0.6943359375 0.46484375 0.1953125 0.130859375
0 0.541015625 0.3779296875 0.345703125 0.14453125
0 0.3935546875 0.4052734375 0.271484375 0.29296875
0 0.4169921875 0.501953125 0.248046875 0.083984375
0 0.291015625 0.49609375 0.125 0.12109375
0 0.7490234375 0.6142578125 0.16015625 0.130859375
0 0.662109375 0.5654296875 0.14453125 0.123046875
0 0.9619140625 0.4716796875 0.076171875 0.083984375
0 0.810546875 0.275390625 0.205078125 0.103515625
0 0.408203125 0.572265625 0.251953125 0.115234375