0 0.5439453125 0.107421875 0.07421875 0.07421875
0 0.5908203125 0.248046875 0.04296875 0.041015625
0 0.6201171875 0.228515625 0.0546875 0.087890625
0 0.591796875 0.1708984375 0.08203125 0.087890625
0 0.4658203125 0.15625 0.080078125 0.048828125
0 0.447265625 0.310546875 0.1015625 0.138671875
0 0.5595703125 0.376953125 0.06640625 0.046875
0 0.630859375 0.37890625 0.099609375 0.150390625
0 0.638671875 0.4794921875 0.072265625 0.044921875
0 0.642578125 0.5888671875 0.04296875 0.109375
0 0.439453125 0.6669921875 0.052734375 0.076171875
0 0.478515625 0.4560546875 0.05078125 0.08203125
0 0.5693359375 0.7763671875 0.052734375 0.08984375
0 0.498046875 0.876953125 0.021484375 0.12109375
0 0.4306640625 0.7470703125 0.05078125 0.091796875
0 0.4384765625 0.5263671875 0.05078125 0.033203125