0 0.44921875 0.2294921875 0.04296875 0.41796875
0 0.5166015625 0.12109375 0.107421875 0.0859375
0 0.599609375 0.24609375 0.0546875 0.109375
0 0.5810546875 0.333984375 0.083984375 0.11328125
0 0.5654296875 0.4384765625 0.08203125 0.109375
0 0.5537109375 0.56640625 0.107421875 0.154296875
0 0.5927734375 0.6533203125 0.06640625 0.138671875
0 0.486328125 0.705078125 0.083984375 0.15234375
0 0.552734375 0.755859375 0.044921875 0.083984375
0 0.4140625 0.3544921875 0.044921875 0.265625
0 0.384765625 0.5341796875 0.111328125 0.265625
0 0.3759765625 0.380859375 0.060546875 0.123046875
0 0.3779296875 0.6943359375 0.076171875 0.142578125