0 0.1884765625 0.4013671875 0.130859375 0.12109375
0 0.232421875 0.4951171875 0.15625 0.0859375
0 0.1220703125 0.5087890625 0.1796875 0.11328125
0 0.2470703125 0.609375 0.16796875 0.19921875
0 0.296875 0.677734375 0.099609375 0.12109375
0 0.40234375 0.7353515625 0.12109375 0.07421875
0 0.5703125 0.7412109375 0.2734375 0.09765625
0 0.658203125 0.630859375 0.14453125 0.099609375
0 0.583984375 0.6083984375 0.103515625 0.0859375
0 0.400390625 0.30078125 0.216796875 0.0625
0 0.6484375 0.3046875 0.244140625 0.103515625
0 0.8662109375 0.5390625 0.134765625 0.078125