0 0.572265625 0.3564453125 0.11328125 0.34375
0 0.57421875 0.455078125 0.099609375 0.140625
0 0.4404296875 0.484375 0.087890625 0.146484375
0 0.4990234375 0.361328125 0.142578125 0.14453125
0 0.3876953125 0.455078125 0.072265625 0.19921875
0 0.44140625 0.626953125 0.154296875 0.115234375
0 0.4111328125 0.7080078125 0.072265625 0.138671875
0 0.5068359375 0.7275390625 0.12890625 0.173828125
0 0.57421875 0.8037109375 0.095703125 0.13671875
0 0.5478515625 0.892578125 0.1015625 0.169921875
0 0.5859375 0.7001953125 0.09765625 0.25390625
0 0.46484375 0.8017578125 0.09765625 0.07421875