0 0.5693359375 0.3046875 0.10546875 0.123046875
0 0.5146484375 0.46484375 0.111328125 0.21484375
0 0.517578125 0.3642578125 0.064453125 0.091796875
0 0.5341796875 0.6298828125 0.111328125 0.20703125
0 0.5595703125 0.7060546875 0.05859375 0.1015625
0 0.6455078125 0.5205078125 0.060546875 0.181640625
0 0.6357421875 0.2763671875 0.0625 0.076171875
0 0.677734375 0.2373046875 0.072265625 0.103515625
0 0.74609375 0.5654296875 0.033203125 0.1171875
0 0.66015625 0.841796875 0.056640625 0.1328125
0 0.6396484375 0.9169921875 0.048828125 0.0703125