0 0.30859375 0.208984375 0.123046875 0.07421875
0 0.478515625 0.193359375 0.224609375 0.083984375
0 0.5009765625 0.2626953125 0.109375 0.1484375
0 0.3876953125 0.3232421875 0.146484375 0.1171875
0 0.26171875 0.373046875 0.111328125 0.048828125
0 0.1591796875 0.404296875 0.078125 0.08984375
0 0.0986328125 0.4609375 0.1875 0.091796875
0 0.21484375 0.650390625 0.076171875 0.125
0 0.197265625 0.7353515625 0.134765625 0.052734375
0 0.3193359375 0.7626953125 0.13671875 0.0859375
0 0.44140625 0.8369140625 0.13671875 0.07421875
0 0.5185546875 0.388671875 0.126953125 0.13671875
0 0.609375 0.3681640625 0.162109375 0.21875
0 0.62109375 0.2685546875 0.13671875 0.193359375
0 0.7412109375 0.3271484375 0.208984375 0.177734375
0 0.7392578125 0.486328125 0.13671875 0.10546875
0 0.861328125 0.4013671875 0.126953125 0.12109375
0 0.6748046875 0.78515625 0.171875 0.0859375
0 0.6728515625 0.8818359375 0.189453125 0.09765625
0 0.783203125 0.841796875 0.138671875 0.080078125
0 0.833984375 0.7626953125 0.150390625 0.130859375
0 0.9658203125 0.6025390625 0.0546875 0.150390625
0 0.21484375 0.2958984375 0.091796875 0.064453125
0 0.3447265625 0.595703125 0.28515625 0.134765625
0 0.1220703125 0.607421875 0.083984375 0.076171875
0 0.61328125 0.681640625 0.123046875 0.068359375
0 0.638671875 0.5419921875 0.10546875 0.12890625