0 0.40234375 0.4951171875 0.162109375 0.201171875
0 0.5732421875 0.474609375 0.203125 0.10546875
0 0.734375 0.4072265625 0.275390625 0.103515625
0 0.7041015625 0.5400390625 0.19921875 0.162109375
0 0.576171875 0.6123046875 0.2265625 0.201171875
0 0.353515625 0.58984375 0.22265625 0.26171875
0 0.318359375 0.724609375 0.291015625 0.087890625
0 0.3349609375 0.6357421875 0.2578125 0.103515625
0 0.2646484375 0.80078125 0.291015625 0.162109375
0 0.19921875 0.9296875 0.185546875 0.111328125
0 0.1064453125 0.9580078125 0.212890625 0.083984375
0 0.5390625 0.7333984375 0.189453125 0.0703125
0 0.501953125 0.837890625 0.216796875 0.056640625
0 0.787109375 0.6630859375 0.25390625 0.087890625
0 0.966796875 0.5341796875 0.05078125 0.099609375
0 0.828125 0.3125 0.10546875 0.13671875
0 0.80859375 0.603515625 0.107421875 0.138671875
0 0.7255859375 0.7548828125 0.341796875 0.12890625
0 0.3642578125 0.4736328125 0.13671875 0.1015625