0 0.697265625 0.357421875 0.109375 0.041015625
0 0.79296875 0.4287109375 0.1015625 0.12890625
0 0.8798828125 0.4736328125 0.158203125 0.119140625
0 0.7314453125 0.466796875 0.10546875 0.099609375
0 0.1650390625 0.5693359375 0.162109375 0.064453125
0 0.3642578125 0.544921875 0.45703125 0.083984375
0 0.60546875 0.5400390625 0.12109375 0.1015625
0 0.765625 0.552734375 0.216796875 0.07421875
0 0.2373046875 0.611328125 0.177734375 0.095703125
0 0.3779296875 0.6259765625 0.126953125 0.099609375
0 0.5322265625 0.634765625 0.18359375 0.134765625
0 0.6787109375 0.6025390625 0.208984375 0.10546875