0 0.125 0.435546875 0.068359375 0.06640625
0 0.1962890625 0.4228515625 0.12109375 0.07421875
0 0.2880859375 0.4296875 0.09375 0.060546875
0 0.1669921875 0.48828125 0.0859375 0.060546875
0 0.2294921875 0.5087890625 0.076171875 0.12890625
0 0.3056640625 0.478515625 0.1015625 0.111328125
0 0.3681640625 0.4833984375 0.130859375 0.13671875
0 0.48046875 0.490234375 0.134765625 0.0859375
0 0.5439453125 0.5048828125 0.07421875 0.119140625
0 0.4033203125 0.5751953125 0.07421875 0.08984375
0 0.69140625 0.55078125 0.0703125 0.052734375
0 0.908203125 0.43359375 0.083984375 0.048828125
0 0.310546875 0.5361328125 0.15234375 0.033203125