0 0.037109375 0.373046875 0.07421875 0.109375
0 0.126953125 0.3125 0.123046875 0.06640625
0 0.23828125 0.2880859375 0.083984375 0.07421875
0 0.4248046875 0.24609375 0.2578125 0.072265625
0 0.267578125 0.4169921875 0.13671875 0.09375
0 0.322265625 0.7724609375 0.208984375 0.12890625
0 0.5341796875 0.8583984375 0.314453125 0.283203125
0 0.517578125 0.6806640625 0.21875 0.30859375
0 0.6630859375 0.65234375 0.263671875 0.33984375
0 0.6669921875 0.4931640625 0.29296875 0.453125
0 0.4560546875 0.15625 0.267578125 0.126953125
0 0.5927734375 0.1904296875 0.240234375 0.33984375
0 0.5986328125 0.03125 0.099609375 0.0546875
0 0.806640625 0.24609375 0.271484375 0.314453125
0 0.888671875 0.5302734375 0.22265625 0.45703125
0 0.9697265625 0.4404296875 0.041015625 0.185546875
0 0.271484375 0.1494140625 0.203125 0.10546875