0 0.57421875 0.099609375 0.04296875 0.154296875
0 0.548828125 0.1240234375 0.037109375 0.146484375
0 0.537109375 0.2138671875 0.08203125 0.107421875
0 0.4853515625 0.24609375 0.060546875 0.12109375
0 0.458984375 0.33984375 0.08203125 0.09765625
0 0.4619140625 0.4326171875 0.0859375 0.09375
0 0.427734375 0.490234375 0.044921875 0.171875
0 0.4423828125 0.576171875 0.107421875 0.08984375
0 0.48828125 0.5615234375 0.091796875 0.14453125
0 0.5029296875 0.4658203125 0.037109375 0.080078125
0 0.6103515625 0.1416015625 0.052734375 0.07421875
0 0.6484375 0.1982421875 0.05078125 0.076171875
0 0.705078125 0.2529296875 0.068359375 0.0859375
0 0.7021484375 0.3369140625 0.087890625 0.09765625
0 0.6005859375 0.3369140625 0.07421875 0.103515625
0 0.6025390625 0.2138671875 0.103515625 0.134765625
0 0.5126953125 0.3408203125 0.0703125 0.171875
0 0.6689453125 0.431640625 0.0703125 0.107421875
0 0.728515625 0.421875 0.0546875 0.115234375
0 0.7255859375 0.59765625 0.056640625 0.08984375