0 0.0908203125 0.4765625 0.1484375 0.064453125
0 0.22265625 0.412109375 0.13671875 0.099609375
0 0.2607421875 0.4814453125 0.0390625 0.076171875
0 0.2177734375 0.5400390625 0.125 0.115234375
0 0.2939453125 0.6240234375 0.0625 0.060546875
0 0.37109375 0.51953125 0.083984375 0.1171875
0 0.4462890625 0.51171875 0.1328125 0.07421875
0 0.5927734375 0.4833984375 0.244140625 0.037109375
0 0.677734375 0.51171875 0.0625 0.1015625
0 0.5419921875 0.5693359375 0.1875 0.115234375
0 0.4169921875 0.654296875 0.146484375 0.091796875
0 0.4482421875 0.599609375 0.083984375 0.1015625
0 0.591796875 0.6416015625 0.087890625 0.087890625
0 0.751953125 0.5830078125 0.083984375 0.09375
0 0.390625 0.345703125 0.25390625 0.0546875
0 0.6474609375 0.4775390625 0.130859375 0.072265625
0 0.2685546875 0.4677734375 0.10546875 0.03125