0 0.2724609375 0.2939453125 0.2265625 0.07421875
0 0.4384765625 0.396484375 0.140625 0.189453125
0 0.341796875 0.4140625 0.234375 0.158203125
0 0.224609375 0.4130859375 0.107421875 0.08203125
0 0.201171875 0.5869140625 0.1640625 0.091796875
0 0.31640625 0.5517578125 0.267578125 0.13671875
0 0.40625 0.6083984375 0.154296875 0.279296875
0 0.2734375 0.6806640625 0.189453125 0.171875
0 0.2529296875 0.7724609375 0.205078125 0.111328125
0 0.408203125 0.78125 0.134765625 0.099609375
0 0.53515625 0.611328125 0.0859375 0.212890625
0 0.1650390625 0.6416015625 0.1328125 0.0625
0 0.1904296875 0.44921875 0.150390625 0.087890625