0 0.568359375 0.3291015625 0.140625 0.15625
0 0.5234375 0.4296875 0.09765625 0.111328125
0 0.5107421875 0.5361328125 0.099609375 0.134765625
0 0.4541015625 0.578125 0.171875 0.1875
0 0.537109375 0.6494140625 0.07421875 0.111328125
0 0.5166015625 0.7802734375 0.095703125 0.181640625
0 0.611328125 0.720703125 0.099609375 0.1015625
0 0.6552734375 0.83984375 0.076171875 0.130859375
0 0.5390625 0.1591796875 0.08203125 0.111328125
0 0.5400390625 0.2578125 0.10546875 0.103515625
0 0.505859375 0.40625 0.103515625 0.123046875
0 0.4150390625 0.287109375 0.052734375 0.072265625