0 0.384765625 0.2314453125 0.068359375 0.09375
0 0.4375 0.3212890625 0.0390625 0.087890625
0 0.4052734375 0.2841796875 0.07421875 0.060546875
0 0.529296875 0.1669921875 0.052734375 0.078125
0 0.5751953125 0.3154296875 0.068359375 0.111328125
0 0.486328125 0.6064453125 0.0546875 0.0859375
0 0.583984375 0.693359375 0.07421875 0.078125
0 0.537109375 0.76953125 0.029296875 0.076171875
0 0.4765625 0.453125 0.02734375 0.068359375
0 0.37109375 0.7001953125 0.03515625 0.080078125
0 0.3671875 0.630859375 0.03515625 0.044921875
0 0.451171875 0.1982421875 0.046875 0.09765625