0 0.5166015625 0.09765625 0.091796875 0.138671875
0 0.4794921875 0.044921875 0.041015625 0.08984375
0 0.462890625 0.12890625 0.099609375 0.126953125
0 0.4521484375 0.2021484375 0.0859375 0.05859375
0 0.44140625 0.3212890625 0.09375 0.150390625
0 0.3876953125 0.37890625 0.087890625 0.169921875
0 0.353515625 0.4453125 0.166015625 0.26953125
0 0.40625 0.63671875 0.080078125 0.142578125
0 0.341796875 0.7392578125 0.041015625 0.0703125
0 0.580078125 0.4599609375 0.0859375 0.16796875
0 0.5595703125 0.5908203125 0.08203125 0.185546875
0 0.515625 0.69140625 0.091796875 0.087890625
0 0.494140625 0.2314453125 0.060546875 0.068359375