0 0.0810546875 0.380859375 0.0390625 0.0390625
0 0.2236328125 0.3232421875 0.064453125 0.0546875
0 0.3291015625 0.169921875 0.046875 0.07421875
0 0.4736328125 0.712890625 0.083984375 0.08984375
0 0.298828125 0.51953125 0.1171875 0.134765625
0 0.359375 0.330078125 0.10546875 0.052734375
0 0.373046875 0.6279296875 0.201171875 0.083984375
0 0.572265625 0.6376953125 0.130859375 0.0703125
0 0.4140625 0.46484375 0.1171875 0.0546875
0 0.2158203125 0.482421875 0.111328125 0.08984375
0 0.2890625 0.3564453125 0.068359375 0.109375
0 0.193359375 0.2109375 0.08203125 0.068359375