0 0.3154296875 0.1083984375 0.107421875 0.216796875
0 0.396484375 0.2333984375 0.1953125 0.140625
0 0.4609375 0.1875 0.107421875 0.13671875
0 0.3310546875 0.3125 0.208984375 0.130859375
0 0.24609375 0.4384765625 0.064453125 0.169921875
0 0.357421875 0.54296875 0.078125 0.115234375
0 0.453125 0.4287109375 0.0859375 0.1171875
0 0.4912109375 0.6591796875 0.08984375 0.138671875
0 0.4658203125 0.8115234375 0.154296875 0.09375
0 0.591796875 0.20703125 0.060546875 0.125
0 0.708984375 0.2353515625 0.076171875 0.076171875
0 0.7529296875 0.4375 0.095703125 0.220703125
0 0.6650390625 0.6083984375 0.087890625 0.1640625
0 0.8203125 0.708984375 0.07421875 0.23046875
0 0.693359375 0.95703125 0.123046875 0.0859375
0 0.4443359375 0.95703125 0.111328125 0.076171875
0 0.611328125 0.7978515625 0.078125 0.193359375
0 0.59375 0.4501953125 0.08203125 0.109375
0 0.6259765625 0.048828125 0.1328125 0.09765625
0 0.470703125 0.0546875 0.1484375 0.109375
0 0.3349609375 0.8486328125 0.09375 0.078125