0 0.19140625 0.4697265625 0.033203125 0.03515625
0 0.3671875 0.4326171875 0.248046875 0.0390625
0 0.6103515625 0.44140625 0.27734375 0.123046875
0 0.8115234375 0.490234375 0.224609375 0.13671875
0 0.916015625 0.5283203125 0.16796875 0.060546875
0 0.2109375 0.5439453125 0.228515625 0.09375
0 0.3642578125 0.533203125 0.291015625 0.154296875
0 0.556640625 0.560546875 0.384765625 0.15625
0 0.2275390625 0.6259765625 0.16796875 0.11328125
0 0.3720703125 0.6669921875 0.234375 0.154296875
0 0.5166015625 0.6591796875 0.2265625 0.12890625
0 0.650390625 0.626953125 0.197265625 0.1484375
0 0.79296875 0.60546875 0.166015625 0.11328125