0 0.4560546875 0.2333984375 0.091796875 0.134765625
0 0.5126953125 0.1279296875 0.076171875 0.095703125
0 0.6123046875 0.34765625 0.072265625 0.06640625
0 0.5419921875 0.439453125 0.107421875 0.123046875
0 0.65234375 0.4990234375 0.0703125 0.234375
0 0.44140625 0.5556640625 0.109375 0.125
0 0.3681640625 0.46875 0.07421875 0.181640625
0 0.5126953125 0.8837890625 0.109375 0.115234375
0 0.572265625 0.55078125 0.05859375 0.060546875
0 0.5244140625 0.6357421875 0.05078125 0.103515625
0 0.537109375 0.1943359375 0.0546875 0.080078125