0 0.1025390625 0.3818359375 0.205078125 0.201171875
0 0.30859375 0.458984375 0.275390625 0.107421875
0 0.501953125 0.4677734375 0.068359375 0.091796875
0 0.646484375 0.40625 0.181640625 0.080078125
0 0.5244140625 0.0625 0.103515625 0.087890625
0 0.6630859375 0.0888671875 0.216796875 0.166015625
0 0.705078125 0.2392578125 0.076171875 0.138671875
0 0.9462890625 0.3173828125 0.107421875 0.099609375
0 0.744140625 0.6435546875 0.16015625 0.111328125
0 0.6982421875 0.7578125 0.1640625 0.15234375
0 0.322265625 0.69140625 0.1953125 0.416015625
0 0.0869140625 0.5927734375 0.173828125 0.369140625
0 0.2509765625 0.111328125 0.25 0.1171875
0 0.4306640625 0.2060546875 0.0625 0.095703125
0 0.5947265625 0.3251953125 0.0546875 0.0859375
0 0.099609375 0.23828125 0.138671875 0.181640625
0 0.2861328125 0.3564453125 0.0703125 0.125
0 0.744140625 0.4765625 0.119140625 0.078125
0 0.7431640625 0.4013671875 0.076171875 0.19140625
0 0.4599609375 0.6357421875 0.09375 0.1328125
0 0.625 0.8564453125 0.0859375 0.119140625