0 0.447265625 0.4072265625 0.087890625 0.171875
0 0.521484375 0.361328125 0.056640625 0.32421875
0 0.5029296875 0.619140625 0.09375 0.244140625
0 0.4345703125 0.6025390625 0.099609375 0.255859375
0 0.4599609375 0.814453125 0.087890625 0.1875
0 0.4033203125 0.76171875 0.033203125 0.09765625
0 0.5029296875 0.8505859375 0.095703125 0.25
0 0.5654296875 0.7900390625 0.0859375 0.19921875
0 0.576171875 0.6103515625 0.099609375 0.185546875
0 0.5859375 0.2177734375 0.09765625 0.111328125
0 0.6357421875 0.341796875 0.021484375 0.0703125
0 0.521484375 0.1689453125 0.10546875 0.115234375
0 0.505859375 0.32421875 0.07421875 0.1953125
0 0.5498046875 0.486328125 0.0546875 0.201171875