0 0.4794921875 0.408203125 0.2265625 0.154296875
0 0.505859375 0.4658203125 0.1328125 0.109375
0 0.6708984375 0.494140625 0.22265625 0.169921875
0 0.7470703125 0.5166015625 0.263671875 0.158203125
0 0.71484375 0.5986328125 0.150390625 0.15234375
0 0.6298828125 0.6328125 0.29296875 0.1640625
0 0.37890625 0.634765625 0.267578125 0.134765625
0 0.212890625 0.6220703125 0.19140625 0.185546875
0 0.298828125 0.703125 0.13671875 0.099609375
0 0.19140625 0.494140625 0.2421875 0.19140625
0 0.353515625 0.4541015625 0.31640625 0.2421875
0 0.796875 0.6474609375 0.103515625 0.140625