0 0.4765625 0.1552734375 0.0859375 0.19140625
0 0.5732421875 0.20703125 0.154296875 0.126953125
0 0.693359375 0.376953125 0.07421875 0.150390625
0 0.705078125 0.6298828125 0.056640625 0.1796875
0 0.654296875 0.71875 0.052734375 0.072265625
0 0.3583984375 0.6025390625 0.0625 0.107421875
0 0.26953125 0.53125 0.08203125 0.11328125
0 0.2763671875 0.2744140625 0.1171875 0.095703125
0 0.31640625 0.728515625 0.064453125 0.1171875
0 0.47265625 0.7685546875 0.03515625 0.287109375
0 0.435546875 0.3349609375 0.109375 0.103515625