0 0.40234375 0.1796875 0.05078125 0.09375
0 0.3974609375 0.279296875 0.0625 0.099609375
0 0.34765625 0.5771484375 0.033203125 0.072265625
0 0.412109375 0.66796875 0.10546875 0.111328125
0 0.564453125 0.162109375 0.099609375 0.115234375
0 0.583984375 0.3271484375 0.078125 0.14453125
0 0.552734375 0.4208984375 0.068359375 0.291015625
0 0.6416015625 0.4453125 0.0546875 0.283203125
0 0.62109375 0.638671875 0.103515625 0.271484375
0 0.5595703125 0.6806640625 0.07421875 0.23046875
0 0.548828125 0.7451171875 0.08203125 0.310546875
0 0.6015625 0.728515625 0.03125 0.158203125
0 0.552734375 0.259765625 0.076171875 0.18359375
0 0.5302734375 0.0947265625 0.048828125 0.150390625