0 0.431640625 0.2548828125 0.052734375 0.08203125
0 0.4912109375 0.1611328125 0.09765625 0.146484375
0 0.548828125 0.138671875 0.126953125 0.205078125
0 0.587890625 0.255859375 0.083984375 0.1796875
0 0.5830078125 0.4443359375 0.091796875 0.119140625
0 0.654296875 0.4736328125 0.05078125 0.068359375
0 0.6279296875 0.3828125 0.12109375 0.240234375
0 0.662109375 0.6689453125 0.07421875 0.22265625
0 0.603515625 0.7177734375 0.107421875 0.25
0 0.3876953125 0.57421875 0.052734375 0.18359375
0 0.443359375 0.376953125 0.08203125 0.130859375
0 0.50390625 0.28515625 0.103515625 0.126953125