0 0.240234375 0.5986328125 0.197265625 0.08984375
0 0.123046875 0.3427734375 0.068359375 0.052734375
0 0.248046875 0.2646484375 0.099609375 0.04296875
0 0.603515625 0.373046875 0.162109375 0.125
0 0.7626953125 0.3173828125 0.123046875 0.04296875
0 0.3955078125 0.513671875 0.19921875 0.0859375
0 0.505859375 0.6455078125 0.126953125 0.0703125
0 0.6298828125 0.7890625 0.21484375 0.197265625
0 0.78125 0.7373046875 0.17578125 0.171875
0 0.89453125 0.5205078125 0.2109375 0.08203125
0 0.9462890625 0.470703125 0.107421875 0.103515625
0 0.9013671875 0.671875 0.197265625 0.2734375
0 0.14453125 0.6845703125 0.2890625 0.279296875
0 0.212890625 0.8369140625 0.125 0.099609375
0 0.458984375 0.861328125 0.216796875 0.10546875
0 0.318359375 0.91015625 0.1484375 0.1796875
0 0.5888671875 0.15625 0.669921875 0.3125
0 0.595703125 0.1328125 0.162109375 0.265625
0 0.40234375 0.201171875 0.32421875 0.234375
0 0.28125 0.564453125 0.486328125 0.26953125
0 0.7919921875 0.3486328125 0.416015625 0.08984375
0 0.28515625 0.65234375 0.484375 0.6953125