0 0.3125 0.5048828125 0.119140625 0.095703125
0 0.3603515625 0.595703125 0.091796875 0.13671875
0 0.41015625 0.6962890625 0.0625 0.0859375
0 0.4794921875 0.630859375 0.07421875 0.072265625
0 0.556640625 0.6298828125 0.12109375 0.10546875
0 0.494140625 0.51171875 0.072265625 0.052734375
0 0.6025390625 0.4189453125 0.2265625 0.052734375
0 0.748046875 0.5634765625 0.154296875 0.107421875
0 0.6875 0.6572265625 0.13671875 0.072265625
0 0.845703125 0.6259765625 0.083984375 0.09375
0 0.90625 0.6201171875 0.076171875 0.064453125
0 0.54296875 0.76953125 0.0859375 0.046875
0 0.763671875 0.728515625 0.150390625 0.10546875
0 0.607421875 0.580078125 0.181640625 0.21484375
0 0.583984375 0.7158203125 0.296875 0.2109375
0 0.7451171875 0.5244140625 0.064453125 0.05859375
0 0.455078125 0.5224609375 0.177734375 0.193359375