0 0.23046875 0.3564453125 0.060546875 0.109375
0 0.060546875 0.4580078125 0.083984375 0.15625
0 0.6494140625 0.6103515625 0.125 0.095703125
0 0.7685546875 0.5966796875 0.060546875 0.0625
0 0.8818359375 0.4833984375 0.048828125 0.091796875
0 0.9697265625 0.4345703125 0.01953125 0.046875
0 0.63671875 0.306640625 0.064453125 0.0625
0 0.439453125 0.5859375 0.0625 0.08203125
0 0.7578125 0.5302734375 0.068359375 0.08203125
0 0.833984375 0.4970703125 0.046875 0.08203125
0 0.3359375 0.548828125 0.0703125 0.0703125
0 0.2939453125 0.42578125 0.078125 0.056640625
0 0.5556640625 0.5361328125 0.046875 0.080078125