0 0.0263671875 0.50390625 0.052734375 0.193359375
0 0.0390625 0.646484375 0.078125 0.1171875
0 0.1318359375 0.7333984375 0.115234375 0.0859375
0 0.2353515625 0.72265625 0.0625 0.103515625
0 0.2578125 0.580078125 0.095703125 0.091796875
0 0.09375 0.3203125 0.1875 0.107421875
0 0.228515625 0.375 0.119140625 0.21875
0 0.32421875 0.330078125 0.109375 0.17578125
0 0.4130859375 0.24609375 0.189453125 0.080078125
0 0.572265625 0.3720703125 0.099609375 0.115234375
0 0.4384765625 0.44921875 0.09765625 0.06640625
0 0.8017578125 0.4453125 0.099609375 0.212890625
0 0.8671875 0.328125 0.080078125 0.08203125
0 0.47265625 0.7275390625 0.23828125 0.08984375
0 0.7490234375 0.828125 0.15234375 0.064453125
0 0.8837890625 0.8056640625 0.1015625 0.06640625
0 0.962890625 0.62109375 0.07421875 0.083984375
0 0.9619140625 0.392578125 0.076171875 0.119140625
0 0.70703125 0.4521484375 0.056640625 0.07421875