0 0.525390625 0.125 0.060546875 0.11328125
0 0.513671875 0.16796875 0.130859375 0.087890625
0 0.4609375 0.271484375 0.041015625 0.087890625
0 0.3876953125 0.4501953125 0.072265625 0.091796875
0 0.4716796875 0.4296875 0.08203125 0.052734375
0 0.61328125 0.3662109375 0.08984375 0.15234375
0 0.625 0.6015625 0.076171875 0.2578125
0 0.5751953125 0.673828125 0.1484375 0.205078125
0 0.533203125 0.7685546875 0.111328125 0.052734375
0 0.474609375 0.544921875 0.11328125 0.0625
0 0.38671875 0.6845703125 0.052734375 0.103515625
0 0.474609375 0.876953125 0.126953125 0.09765625
0 0.61328125 0.7431640625 0.05078125 0.060546875