0 0.333984375 0.4072265625 0.162109375 0.08203125
0 0.3154296875 0.4560546875 0.197265625 0.08203125
0 0.4541015625 0.4541015625 0.09375 0.08984375
0 0.3896484375 0.513671875 0.060546875 0.10546875
0 0.564453125 0.4765625 0.224609375 0.09375
0 0.57421875 0.5654296875 0.162109375 0.1328125
0 0.6865234375 0.48046875 0.07421875 0.1015625
0 0.7939453125 0.505859375 0.142578125 0.115234375
0 0.693359375 0.3828125 0.07421875 0.06640625
0 0.810546875 0.357421875 0.138671875 0.103515625
0 0.1240234375 0.4853515625 0.078125 0.095703125
0 0.3173828125 0.583984375 0.103515625 0.06640625