0 0.4501953125 0.1328125 0.119140625 0.166015625
0 0.5107421875 0.103515625 0.1015625 0.19140625
0 0.5869140625 0.21484375 0.119140625 0.224609375
0 0.6103515625 0.3349609375 0.0859375 0.111328125
0 0.4951171875 0.2724609375 0.076171875 0.123046875
0 0.44140625 0.2568359375 0.060546875 0.087890625
0 0.533203125 0.857421875 0.103515625 0.205078125
0 0.5341796875 0.5751953125 0.0546875 0.201171875
0 0.451171875 0.4541015625 0.068359375 0.126953125
0 0.4326171875 0.369140625 0.095703125 0.05078125
0 0.4541015625 0.6416015625 0.09375 0.037109375
0 0.3671875 0.3271484375 0.072265625 0.08203125
0 0.333984375 0.5146484375 0.025390625 0.125