0 0.70703125 0.1474609375 0.04296875 0.1015625
0 0.7138671875 0.25390625 0.0703125 0.154296875
0 0.779296875 0.2861328125 0.091796875 0.15234375
0 0.7177734375 0.3720703125 0.078125 0.095703125
0 0.6689453125 0.4267578125 0.080078125 0.154296875
0 0.6328125 0.4580078125 0.1015625 0.126953125
0 0.63671875 0.5771484375 0.072265625 0.1015625
0 0.625 0.658203125 0.115234375 0.107421875
0 0.54296875 0.7041015625 0.0859375 0.09375
0 0.587890625 0.8056640625 0.09765625 0.142578125
0 0.6484375 0.796875 0.0703125 0.0859375
0 0.67578125 0.78515625 0.142578125 0.279296875
0 0.72265625 0.6708984375 0.083984375 0.2578125
0 0.7216796875 0.4892578125 0.08984375 0.16796875
0 0.744140625 0.3896484375 0.06640625 0.11328125
0 0.6982421875 0.279296875 0.13671875 0.212890625