0 0.5556640625 0.0908203125 0.0390625 0.099609375
0 0.5380859375 0.29296875 0.046875 0.291015625
0 0.5068359375 0.322265625 0.07421875 0.24609375
0 0.4521484375 0.333984375 0.08203125 0.12109375
0 0.4111328125 0.3876953125 0.048828125 0.130859375
0 0.4384765625 0.5927734375 0.076171875 0.17578125
0 0.40625 0.6240234375 0.0546875 0.064453125
0 0.48046875 0.626953125 0.068359375 0.08203125
0 0.5224609375 0.5341796875 0.06640625 0.234375
0 0.46875 0.7353515625 0.04296875 0.1796875
0 0.5087890625 0.8251953125 0.01953125 0.314453125
0 0.5908203125 0.8466796875 0.076171875 0.0859375
0 0.6474609375 0.798828125 0.048828125 0.068359375
0 0.595703125 0.39453125 0.08984375 0.158203125
0 0.6474609375 0.3779296875 0.11328125 0.189453125
0 0.6875 0.4287109375 0.0703125 0.056640625
0 0.4443359375 0.7509765625 0.01953125 0.142578125