0 0.3515625 0.6025390625 0.126953125 0.123046875
0 0.453125 0.5078125 0.154296875 0.0859375
0 0.5908203125 0.4677734375 0.107421875 0.064453125
0 0.7724609375 0.412109375 0.099609375 0.076171875
0 0.6640625 0.4765625 0.072265625 0.048828125
0 0.873046875 0.5048828125 0.091796875 0.05078125
0 0.818359375 0.5712890625 0.078125 0.087890625
0 0.7587890625 0.59375 0.130859375 0.056640625
0 0.552734375 0.5166015625 0.134765625 0.0546875
0 0.568359375 0.369140625 0.048828125 0.0390625
0 0.2783203125 0.490234375 0.05859375 0.046875