0 0.53125 0.39453125 0.125 0.216796875
0 0.6484375 0.361328125 0.169921875 0.072265625
0 0.7626953125 0.3984375 0.13671875 0.09375
0 0.6162109375 0.44921875 0.12890625 0.08203125
0 0.6748046875 0.5 0.169921875 0.111328125
0 0.654296875 0.583984375 0.201171875 0.095703125
0 0.7939453125 0.57421875 0.201171875 0.1328125
0 0.744140625 0.67578125 0.16796875 0.150390625
0 0.6611328125 0.7236328125 0.244140625 0.173828125
0 0.7021484375 0.775390625 0.34765625 0.111328125
0 0.6142578125 0.5576171875 0.1953125 0.314453125
0 0.771484375 0.4931640625 0.125 0.126953125
0 0.650390625 0.3154296875 0.265625 0.125
0 0.5126953125 0.625 0.125 0.1484375
0 0.8994140625 0.333984375 0.15234375 0.072265625
0 0.841796875 0.63671875 0.099609375 0.099609375