0 0.44140625 0.115234375 0.087890625 0.16015625
0 0.505859375 0.275390625 0.072265625 0.25390625
0 0.568359375 0.3955078125 0.087890625 0.29296875
0 0.5205078125 0.4990234375 0.076171875 0.115234375
0 0.4814453125 0.5419921875 0.115234375 0.1796875
0 0.5556640625 0.5830078125 0.083984375 0.12890625
0 0.375 0.1923828125 0.15234375 0.12109375
0 0.4169921875 0.1630859375 0.056640625 0.09765625
0 0.3369140625 0.2890625 0.0859375 0.126953125
0 0.287109375 0.3154296875 0.06640625 0.10546875
0 0.3427734375 0.42578125 0.130859375 0.103515625
0 0.275390625 0.41796875 0.130859375 0.166015625
0 0.2783203125 0.587890625 0.048828125 0.15234375
0 0.4013671875 0.314453125 0.05859375 0.078125
0 0.48046875 0.4111328125 0.0390625 0.07421875