0 0.6923828125 0.3759765625 0.09375 0.052734375
0 0.5341796875 0.3564453125 0.302734375 0.076171875
0 0.3515625 0.427734375 0.1484375 0.0859375
0 0.2509765625 0.451171875 0.154296875 0.087890625
0 0.11328125 0.455078125 0.193359375 0.06640625
0 0.3037109375 0.5888671875 0.173828125 0.08203125
0 0.41796875 0.56640625 0.1171875 0.060546875
0 0.548828125 0.5478515625 0.177734375 0.087890625
0 0.62109375 0.5810546875 0.08203125 0.060546875
0 0.705078125 0.4853515625 0.12109375 0.0546875
0 0.7119140625 0.572265625 0.125 0.052734375
0 0.4794921875 0.6259765625 0.091796875 0.03125
0 0.138671875 0.5478515625 0.10546875 0.064453125
0 0.57421875 0.41015625 0.427734375 0.052734375