0 0.53125 0.0869140625 0.0625 0.173828125
0 0.4716796875 0.1904296875 0.037109375 0.08203125
0 0.431640625 0.3251953125 0.04296875 0.140625
0 0.423828125 0.4775390625 0.052734375 0.16796875
0 0.447265625 0.2548828125 0.0703125 0.103515625
0 0.580078125 0.1796875 0.0703125 0.10546875
0 0.6220703125 0.330078125 0.05859375 0.142578125
0 0.646484375 0.607421875 0.068359375 0.046875
0 0.4501953125 0.6044921875 0.048828125 0.078125
0 0.6064453125 0.705078125 0.0625 0.06640625
0 0.4921875 0.8681640625 0.06640625 0.119140625
0 0.603515625 0.732421875 0.1015625 0.083984375