0 0.5390625 0.0927734375 0.0703125 0.15625
0 0.60546875 0.2099609375 0.091796875 0.14453125
0 0.5107421875 0.171875 0.11328125 0.068359375
0 0.4384765625 0.23046875 0.044921875 0.09375
0 0.482421875 0.2275390625 0.080078125 0.123046875
0 0.5087890625 0.357421875 0.05078125 0.16796875
0 0.458984375 0.4208984375 0.078125 0.150390625
0 0.373046875 0.287109375 0.052734375 0.06640625
0 0.369140625 0.423828125 0.080078125 0.173828125
0 0.4013671875 0.49609375 0.177734375 0.1328125
0 0.4072265625 0.5966796875 0.091796875 0.087890625
0 0.4912109375 0.5556640625 0.06640625 0.103515625
0 0.4580078125 0.794921875 0.046875 0.203125
0 0.5029296875 0.662109375 0.09375 0.07421875
0 0.4140625 0.7431640625 0.05859375 0.087890625
0 0.662109375 0.4072265625 0.0859375 0.28125
0 0.548828125 0.333984375 0.060546875 0.091796875
0 0.546875 0.6357421875 0.048828125 0.103515625