0 0.6416015625 0.138671875 0.119140625 0.095703125
0 0.349609375 0.3662109375 0.044921875 0.125
0 0.341796875 0.5771484375 0.140625 0.142578125
0 0.4482421875 0.5830078125 0.142578125 0.154296875
0 0.4638671875 0.642578125 0.103515625 0.09375
0 0.47265625 0.7353515625 0.154296875 0.12890625
0 0.5341796875 0.7763671875 0.072265625 0.24609375
0 0.537109375 0.607421875 0.099609375 0.26953125
0 0.71875 0.59375 0.076171875 0.06640625
0 0.640625 0.681640625 0.103515625 0.1015625
0 0.4375 0.49609375 0.111328125 0.1015625
0 0.3779296875 0.4892578125 0.052734375 0.1328125
0 0.70703125 0.4326171875 0.0859375 0.083984375