0 0.4111328125 0.591796875 0.09375 0.1640625
0 0.54296875 0.59375 0.0703125 0.0859375
0 0.5859375 0.650390625 0.08203125 0.14453125
0 0.53125 0.705078125 0.13671875 0.07421875
0 0.5556640625 0.767578125 0.099609375 0.111328125
0 0.5322265625 0.8466796875 0.080078125 0.140625
0 0.35546875 0.4248046875 0.08203125 0.11328125
0 0.408203125 0.203125 0.06640625 0.115234375
0 0.482421875 0.15234375 0.091796875 0.14453125
0 0.5595703125 0.2353515625 0.07421875 0.140625
0 0.3857421875 0.296875 0.11328125 0.05859375
0 0.388671875 0.7392578125 0.06640625 0.041015625
0 0.4208984375 0.8505859375 0.076171875 0.0859375
0 0.5673828125 0.388671875 0.052734375 0.103515625