0 0.501953125 0.1298828125 0.0703125 0.12890625
0 0.5517578125 0.232421875 0.07421875 0.111328125
0 0.6103515625 0.3837890625 0.0859375 0.208984375
0 0.576171875 0.5478515625 0.08984375 0.064453125
0 0.5283203125 0.6015625 0.04296875 0.068359375
0 0.4453125 0.4267578125 0.095703125 0.09765625
0 0.388671875 0.3505859375 0.060546875 0.09765625
0 0.36328125 0.51953125 0.068359375 0.21484375
0 0.43359375 0.54296875 0.060546875 0.0625
0 0.462890625 0.6337890625 0.04296875 0.072265625
0 0.6142578125 0.6689453125 0.04296875 0.12109375
0 0.482421875 0.875 0.095703125 0.099609375