0 0.59765625 0.22265625 0.1171875 0.19921875
0 0.5673828125 0.412109375 0.083984375 0.1171875
0 0.6484375 0.3740234375 0.087890625 0.080078125
0 0.38671875 0.4912109375 0.08984375 0.115234375
0 0.3642578125 0.619140625 0.052734375 0.095703125
0 0.52734375 0.9013671875 0.0625 0.197265625
0 0.5556640625 0.2275390625 0.119140625 0.203125
0 0.412109375 0.232421875 0.140625 0.06640625
0 0.5009765625 0.0595703125 0.072265625 0.078125
0 0.4658203125 0.126953125 0.06640625 0.029296875
0 0.4248046875 0.3173828125 0.04296875 0.1015625
0 0.3984375 0.7880859375 0.08203125 0.158203125
0 0.451171875 0.6533203125 0.091796875 0.10546875