0 0.5859375 0.2119140625 0.10546875 0.16015625
0 0.3330078125 0.59375 0.115234375 0.1640625
0 0.6474609375 0.49609375 0.072265625 0.076171875
0 0.322265625 0.7548828125 0.076171875 0.091796875
0 0.7021484375 0.1513671875 0.20703125 0.29296875
0 0.7978515625 0.1982421875 0.126953125 0.193359375
0 0.8056640625 0.6435546875 0.1796875 0.2109375
0 0.728515625 0.8232421875 0.1484375 0.19140625
0 0.6298828125 0.91015625 0.125 0.171875
0 0.548828125 0.90234375 0.13671875 0.1953125
0 0.462890625 0.9580078125 0.1171875 0.083984375
0 0.228515625 0.5546875 0.36328125 0.373046875
0 0.484375 0.3896484375 0.712890625 0.29296875
0 0.3359375 0.1259765625 0.15625 0.046875
0 0.4619140625 0.353515625 0.357421875 0.353515625
0 0.498046875 0.19921875 0.271484375 0.32421875
0 0.359375 0.79296875 0.470703125 0.353515625
0 0.6044921875 0.60546875 0.595703125 0.365234375
0 0.861328125 0.41015625 0.09375 0.09765625
0 0.0400390625 0.6083984375 0.080078125 0.185546875