0 0.294921875 0.3291015625 0.11328125 0.259765625
0 0.3916015625 0.205078125 0.203125 0.123046875
0 0.5302734375 0.140625 0.18359375 0.109375
0 0.685546875 0.16015625 0.171875 0.115234375
0 0.7431640625 0.255859375 0.185546875 0.158203125
0 0.7568359375 0.3876953125 0.216796875 0.1796875
0 0.5947265625 0.4091796875 0.201171875 0.193359375
0 0.4599609375 0.41796875 0.216796875 0.125
0 0.4091796875 0.3701171875 0.146484375 0.166015625
0 0.5380859375 0.3037109375 0.171875 0.220703125
0 0.6171875 0.328125 0.173828125 0.306640625
0 0.8095703125 0.4501953125 0.12890625 0.109375
0 0.3818359375 0.46484375 0.255859375 0.087890625
0 0.6015625 0.54296875 0.142578125 0.07421875