0 0.4658203125 0.2060546875 0.048828125 0.05859375
0 0.435546875 0.3916015625 0.0703125 0.181640625
0 0.44921875 0.6982421875 0.072265625 0.216796875
0 0.552734375 0.4794921875 0.12109375 0.36328125
0 0.4716796875 0.560546875 0.13671875 0.2734375
0 0.529296875 0.7744140625 0.169921875 0.306640625
0 0.6259765625 0.6953125 0.1171875 0.21875
0 0.541015625 0.9248046875 0.068359375 0.150390625
0 0.646484375 0.498046875 0.095703125 0.24609375
0 0.703125 0.6044921875 0.048828125 0.111328125
0 0.6552734375 0.30859375 0.154296875 0.189453125
0 0.6044921875 0.15625 0.134765625 0.173828125
0 0.54296875 0.21875 0.1328125 0.26171875
0 0.482421875 0.287109375 0.142578125 0.173828125