0 0.1748046875 0.2900390625 0.068359375 0.16796875
0 0.6337890625 0.1611328125 0.111328125 0.068359375
0 0.5478515625 0.24609375 0.107421875 0.125
0 0.35546875 0.5595703125 0.15625 0.251953125
0 0.2841796875 0.7626953125 0.060546875 0.03515625
0 0.41015625 0.748046875 0.07421875 0.099609375
0 0.595703125 0.58203125 0.08984375 0.111328125
0 0.640625 0.4287109375 0.103515625 0.130859375
0 0.6025390625 0.771484375 0.2578125 0.205078125
0 0.7080078125 0.6494140625 0.14453125 0.1484375
0 0.7763671875 0.5771484375 0.068359375 0.146484375
0 0.6767578125 0.92578125 0.048828125 0.1484375
0 0.6455078125 0.9775390625 0.041015625 0.044921875
0 0.37109375 0.953125 0.091796875 0.09375