0 0.2177734375 0.36328125 0.041015625 0.08984375
0 0.4326171875 0.0810546875 0.0625 0.10546875
0 0.2802734375 0.796875 0.08984375 0.125
0 0.3671875 0.8251953125 0.099609375 0.146484375
0 0.4140625 0.9111328125 0.080078125 0.095703125
0 0.4228515625 0.720703125 0.068359375 0.1640625
0 0.341796875 0.6767578125 0.095703125 0.21484375
0 0.6435546875 0.548828125 0.18359375 0.10546875
0 0.70703125 0.5302734375 0.048828125 0.244140625
0 0.6552734375 0.505859375 0.0625 0.134765625
0 0.5908203125 0.70703125 0.0703125 0.05078125