0 0.314453125 0.3583984375 0.060546875 0.03515625
0 0.7080078125 0.439453125 0.087890625 0.08984375
0 0.3681640625 0.4833984375 0.232421875 0.078125
0 0.6416015625 0.4912109375 0.271484375 0.0625
0 0.833984375 0.5087890625 0.162109375 0.099609375
0 0.7548828125 0.6044921875 0.13671875 0.140625
0 0.69140625 0.619140625 0.09765625 0.087890625
0 0.7392578125 0.5576171875 0.0546875 0.0625
0 0.169921875 0.53515625 0.12109375 0.080078125
0 0.267578125 0.4931640625 0.09375 0.037109375
0 0.140625 0.45703125 0.068359375 0.044921875