0 0.6787109375 0.447265625 0.025390625 0.150390625
0 0.6494140625 0.66796875 0.01953125 0.087890625
0 0.6376953125 0.5859375 0.05078125 0.1328125
0 0.51171875 0.400390625 0.087890625 0.10546875
0 0.474609375 0.2734375 0.068359375 0.279296875
0 0.4306640625 0.376953125 0.107421875 0.3125
0 0.40234375 0.6328125 0.107421875 0.26171875
0 0.478515625 0.6728515625 0.08984375 0.36328125
0 0.4267578125 0.8056640625 0.060546875 0.111328125
0 0.4755859375 0.9228515625 0.091796875 0.154296875
0 0.54296875 0.8115234375 0.115234375 0.138671875
0 0.578125 0.6611328125 0.126953125 0.1796875
0 0.5966796875 0.1884765625 0.060546875 0.056640625
0 0.576171875 0.4794921875 0.107421875 0.0625