0 0.517578125 0.0625 0.08203125 0.125
0 0.48046875 0.2041015625 0.048828125 0.11328125
0 0.47265625 0.2880859375 0.123046875 0.091796875
0 0.4609375 0.25 0.078125 0.10546875
0 0.40625 0.345703125 0.060546875 0.107421875
0 0.4052734375 0.5791015625 0.05078125 0.1015625
0 0.3857421875 0.6572265625 0.076171875 0.123046875
0 0.4501953125 0.630859375 0.068359375 0.123046875
0 0.447265625 0.7119140625 0.103515625 0.087890625
0 0.4091796875 0.8125 0.04296875 0.103515625
0 0.6015625 0.7001953125 0.044921875 0.08203125
0 0.5419921875 0.6181640625 0.134765625 0.078125
0 0.6435546875 0.232421875 0.080078125 0.1640625
0 0.6875 0.3505859375 0.05859375 0.09765625
0 0.4296875 0.4453125 0.044921875 0.052734375