0 0.5849609375 0.0986328125 0.080078125 0.197265625
0 0.6552734375 0.1923828125 0.1171875 0.154296875
0 0.703125 0.27734375 0.060546875 0.107421875
0 0.5458984375 0.3037109375 0.060546875 0.181640625
0 0.6025390625 0.314453125 0.08984375 0.140625
0 0.455078125 0.2646484375 0.037109375 0.146484375
0 0.4775390625 0.154296875 0.087890625 0.0859375
0 0.5458984375 0.4443359375 0.080078125 0.1328125
0 0.4501953125 0.4267578125 0.060546875 0.080078125
0 0.505859375 0.5947265625 0.087890625 0.169921875
0 0.654296875 0.4990234375 0.12109375 0.212890625
0 0.7255859375 0.435546875 0.150390625 0.193359375
0 0.669921875 0.6533203125 0.146484375 0.16015625
0 0.599609375 0.798828125 0.09765625 0.09765625
0 0.5693359375 0.908203125 0.11328125 0.18359375