0 0.361328125 0.166015625 0.09375 0.17578125
0 0.443359375 0.2490234375 0.150390625 0.111328125
0 0.2998046875 0.287109375 0.126953125 0.119140625
0 0.3095703125 0.2275390625 0.046875 0.08203125
0 0.2587890625 0.4560546875 0.09765625 0.09375
0 0.267578125 0.4306640625 0.08984375 0.193359375
0 0.1875 0.4931640625 0.087890625 0.26171875
0 0.5810546875 0.4677734375 0.07421875 0.19140625
0 0.4931640625 0.4931640625 0.138671875 0.18359375
0 0.5087890625 0.6123046875 0.111328125 0.1484375
0 0.546875 0.6103515625 0.078125 0.08203125
0 0.583984375 0.6435546875 0.056640625 0.2109375
0 0.5400390625 0.7080078125 0.1328125 0.111328125
0 0.5302734375 0.7275390625 0.15234375 0.1484375
0 0.4814453125 0.328125 0.125 0.0859375