0 0.515625 0.1572265625 0.091796875 0.1796875
0 0.5849609375 0.287109375 0.099609375 0.162109375
0 0.640625 0.3779296875 0.072265625 0.197265625
0 0.51171875 0.3037109375 0.09765625 0.15625
0 0.53125 0.4853515625 0.06640625 0.21484375
0 0.6474609375 0.630859375 0.06640625 0.111328125
0 0.6025390625 0.71484375 0.064453125 0.068359375
0 0.560546875 0.8271484375 0.091796875 0.18359375
0 0.521484375 0.7470703125 0.11328125 0.146484375
0 0.435546875 0.669921875 0.052734375 0.1015625
0 0.431640625 0.5712890625 0.09765625 0.208984375
0 0.4375 0.4150390625 0.09375 0.21875
0 0.478515625 0.3134765625 0.10546875 0.19921875
0 0.435546875 0.326171875 0.041015625 0.078125
0 0.5400390625 0.6416015625 0.142578125 0.19140625
0 0.6376953125 0.5009765625 0.1328125 0.201171875