0 0.3271484375 0.5146484375 0.162109375 0.109375
0 0.615234375 0.41796875 0.169921875 0.091796875
0 0.7509765625 0.4443359375 0.16015625 0.099609375
0 0.892578125 0.5009765625 0.212890625 0.123046875
0 0.791015625 0.5439453125 0.193359375 0.115234375
0 0.556640625 0.517578125 0.3359375 0.0859375
0 0.5908203125 0.5693359375 0.232421875 0.0703125
0 0.46875 0.40234375 0.15625 0.046875
0 0.484375 0.4580078125 0.1484375 0.064453125
0 0.201171875 0.4462890625 0.162109375 0.033203125
0 0.291015625 0.5810546875 0.05859375 0.05078125