0 0.32421875 0.1923828125 0.234375 0.138671875
0 0.7734375 0.248046875 0.453125 0.1328125
0 0.580078125 0.4033203125 0.35546875 0.134765625
0 0.7177734375 0.4638671875 0.216796875 0.212890625
0 0.8466796875 0.4755859375 0.197265625 0.279296875
0 0.912109375 0.6083984375 0.17578125 0.13671875
0 0.869140625 0.6953125 0.2265625 0.19921875
0 0.787109375 0.70703125 0.140625 0.12109375
0 0.3603515625 0.5966796875 0.154296875 0.115234375
0 0.2001953125 0.677734375 0.197265625 0.23828125
0 0.53515625 0.203125 0.1484375 0.0703125
0 0.794921875 0.30859375 0.248046875 0.0703125
0 0.095703125 0.2919921875 0.04296875 0.056640625
0 0.447265625 0.88671875 0.08984375 0.08984375