0 0.4375 0.4072265625 0.125 0.095703125
0 0.509765625 0.3271484375 0.099609375 0.072265625
0 0.5732421875 0.2783203125 0.091796875 0.060546875
0 0.75390625 0.666015625 0.2421875 0.16015625
0 0.791015625 0.6884765625 0.078125 0.1171875
0 0.7158203125 0.662109375 0.080078125 0.1015625
0 0.8115234375 0.5712890625 0.08984375 0.126953125
0 0.80078125 0.5126953125 0.12109375 0.103515625
0 0.744140625 0.5478515625 0.11328125 0.138671875
0 0.693359375 0.603515625 0.10546875 0.1328125
0 0.642578125 0.7138671875 0.09375 0.150390625
0 0.7060546875 0.76953125 0.193359375 0.125
0 0.74609375 0.8017578125 0.1328125 0.048828125
0 0.7373046875 0.6669921875 0.279296875 0.162109375