0 0.390625 0.330078125 0.130859375 0.09765625
0 0.1611328125 0.5009765625 0.07421875 0.18359375
0 0.2646484375 0.578125 0.15625 0.04296875
0 0.6962890625 0.3193359375 0.421875 0.115234375
0 0.853515625 0.443359375 0.130859375 0.126953125
0 0.9228515625 0.5771484375 0.0859375 0.16015625
0 0.87890625 0.6328125 0.142578125 0.15234375
0 0.8095703125 0.6806640625 0.09765625 0.1484375
0 0.755859375 0.7529296875 0.10546875 0.078125
0 0.693359375 0.748046875 0.052734375 0.068359375
0 0.3798828125 0.740234375 0.1640625 0.126953125
0 0.2822265625 0.66015625 0.111328125 0.103515625
0 0.7490234375 0.564453125 0.091796875 0.16796875
0 0.2861328125 0.419921875 0.072265625 0.068359375