0 0.466796875 0.275390625 0.208984375 0.123046875
0 0.4873046875 0.4169921875 0.0859375 0.130859375
0 0.4697265625 0.4267578125 0.095703125 0.068359375
0 0.2900390625 0.515625 0.037109375 0.11328125
0 0.4287109375 0.5390625 0.125 0.072265625
0 0.3837890625 0.619140625 0.1171875 0.072265625
0 0.365234375 0.705078125 0.1015625 0.099609375
0 0.3271484375 0.7265625 0.0859375 0.080078125
0 0.427734375 0.7548828125 0.07421875 0.05859375
0 0.55078125 0.7548828125 0.140625 0.083984375
0 0.4912109375 0.818359375 0.171875 0.08984375