0 0.41796875 0.0849609375 0.1484375 0.169921875
0 0.5185546875 0.142578125 0.216796875 0.1171875
0 0.2880859375 0.2353515625 0.154296875 0.091796875
0 0.3046875 0.1787109375 0.16015625 0.130859375
0 0.4111328125 0.287109375 0.1015625 0.09765625
0 0.6728515625 0.2578125 0.08984375 0.076171875
0 0.751953125 0.3056640625 0.138671875 0.19921875
0 0.6298828125 0.392578125 0.28125 0.1328125
0 0.6142578125 0.4775390625 0.224609375 0.12109375
0 0.7412109375 0.447265625 0.158203125 0.189453125
0 0.86328125 0.400390625 0.15625 0.1796875
0 0.916015625 0.45703125 0.16015625 0.12109375
0 0.7548828125 0.55078125 0.048828125 0.048828125
0 0.841796875 0.568359375 0.0546875 0.064453125
0 0.5859375 0.5498046875 0.08203125 0.056640625
0 0.59375 0.59375 0.1171875 0.07421875
0 0.5107421875 0.580078125 0.080078125 0.091796875
0 0.474609375 0.640625 0.083984375 0.09375
0 0.6064453125 0.703125 0.068359375 0.099609375
0 0.671875 0.6923828125 0.08984375 0.08984375
0 0.751953125 0.703125 0.09765625 0.05859375
0 0.0830078125 0.447265625 0.12109375 0.11328125
0 0.22265625 0.49609375 0.140625 0.109375
0 0.2353515625 0.244140625 0.1796875 0.10546875
0 0.4892578125 0.224609375 0.138671875 0.0546875