0 0.3076171875 0.3115234375 0.275390625 0.275390625
0 0.3720703125 0.4580078125 0.341796875 0.248046875
0 0.166015625 0.4716796875 0.22265625 0.232421875
0 0.0908203125 0.6337890625 0.169921875 0.302734375
0 0.349609375 0.7021484375 0.466796875 0.271484375
0 0.4580078125 0.67578125 0.228515625 0.2109375
0 0.615234375 0.3896484375 0.234375 0.228515625
0 0.5693359375 0.2451171875 0.255859375 0.224609375
0 0.80078125 0.26953125 0.20703125 0.1328125
0 0.978515625 0.4609375 0.04296875 0.11328125
0 0.9580078125 0.419921875 0.060546875 0.1015625
0 0.662109375 0.5810546875 0.248046875 0.201171875
0 0.537109375 0.857421875 0.18359375 0.2734375
0 0.37109375 0.86328125 0.2578125 0.173828125
0 0.0908203125 0.7041015625 0.134765625 0.1484375
0 0.302734375 0.265625 0.1484375 0.1171875
0 0.3203125 0.5517578125 0.6171875 0.650390625