0 0.1650390625 0.4501953125 0.072265625 0.080078125
0 0.2587890625 0.5361328125 0.076171875 0.078125
0 0.2919921875 0.4462890625 0.099609375 0.072265625
0 0.306640625 0.35546875 0.078125 0.12109375
0 0.3828125 0.345703125 0.0859375 0.22265625
0 0.470703125 0.251953125 0.140625 0.09765625
0 0.568359375 0.3046875 0.123046875 0.1640625
0 0.4912109375 0.36328125 0.095703125 0.1484375
0 0.4794921875 0.4208984375 0.111328125 0.173828125
0 0.568359375 0.4892578125 0.15234375 0.119140625
0 0.6416015625 0.4306640625 0.205078125 0.119140625
0 0.673828125 0.302734375 0.109375 0.16796875
0 0.767578125 0.412109375 0.115234375 0.20703125
0 0.833984375 0.5087890625 0.12109375 0.185546875
0 0.876953125 0.6123046875 0.109375 0.123046875
0 0.91796875 0.6572265625 0.0703125 0.087890625
0 0.8037109375 0.64453125 0.146484375 0.1171875
0 0.7236328125 0.5322265625 0.197265625 0.1484375
0 0.638671875 0.630859375 0.201171875 0.12890625
0 0.6201171875 0.63671875 0.173828125 0.189453125
0 0.6220703125 0.7421875 0.291015625 0.08203125
0 0.4755859375 0.671875 0.12890625 0.150390625
0 0.544921875 0.779296875 0.244140625 0.0703125
0 0.3515625 0.7353515625 0.181640625 0.12890625
0 0.3720703125 0.6396484375 0.1328125 0.14453125
0 0.419921875 0.5458984375 0.283203125 0.16015625
0 0.318359375 0.638671875 0.11328125 0.080078125