0 0.2890625 0.064453125 0.14453125 0.1015625
0 0.265625 0.169921875 0.109375 0.08984375
0 0.1533203125 0.2548828125 0.177734375 0.162109375
0 0.087890625 0.421875 0.11328125 0.2109375
0 0.064453125 0.5595703125 0.09765625 0.083984375
0 0.1171875 0.6572265625 0.1484375 0.103515625
0 0.1513671875 0.771484375 0.09765625 0.06640625
0 0.1533203125 0.8779296875 0.126953125 0.12890625
0 0.291015625 0.5283203125 0.15625 0.111328125
0 0.400390625 0.3935546875 0.162109375 0.111328125
0 0.529296875 0.33203125 0.107421875 0.046875
0 0.5517578125 0.4248046875 0.103515625 0.060546875
0 0.6259765625 0.4765625 0.076171875 0.041015625
0 0.6201171875 0.560546875 0.060546875 0.0859375
0 0.5966796875 0.6513671875 0.076171875 0.076171875
0 0.8564453125 0.517578125 0.203125 0.2109375
0 0.9130859375 0.423828125 0.126953125 0.12890625
0 0.7001953125 0.2470703125 0.228515625 0.107421875
0 0.7861328125 0.669921875 0.134765625 0.076171875
0 0.30078125 0.8095703125 0.2109375 0.095703125
0 0.4404296875 0.0322265625 0.107421875 0.060546875
0 0.30859375 0.23828125 0.05859375 0.0625
0 0.7080078125 0.2216796875 0.421875 0.439453125
0 0.9072265625 0.408203125 0.142578125 0.37109375
0 0.6826171875 0.552734375 0.39453125 0.3359375
0 0.3720703125 0.5546875 0.40625 0.42578125
0 0.3642578125 0.2509765625 0.486328125 0.416015625
0 0.3408203125 0.6513671875 0.591796875 0.521484375