0 0.39453125 0.2353515625 0.1015625 0.298828125
0 0.4091796875 0.4619140625 0.212890625 0.359375
0 0.486328125 0.5791015625 0.125 0.26953125
0 0.5380859375 0.701171875 0.13671875 0.275390625
0 0.5654296875 0.4150390625 0.09375 0.341796875
0 0.658203125 0.6181640625 0.08984375 0.125
0 0.748046875 0.59765625 0.1015625 0.08203125
0 0.66015625 0.5068359375 0.185546875 0.279296875
0 0.662109375 0.658203125 0.16015625 0.158203125
0 0.4814453125 0.2041015625 0.111328125 0.2109375
0 0.48046875 0.1708984375 0.1015625 0.3203125
0 0.4150390625 0.427734375 0.1796875 0.501953125
0 0.455078125 0.6005859375 0.107421875 0.166015625
0 0.5791015625 0.2216796875 0.03515625 0.099609375