0 0.4970703125 0.755859375 0.044921875 0.060546875
0 0.4580078125 0.6298828125 0.056640625 0.087890625
0 0.400390625 0.732421875 0.068359375 0.06640625
0 0.626953125 0.2294921875 0.060546875 0.1171875
0 0.7236328125 0.294921875 0.08984375 0.140625
0 0.369140625 0.5517578125 0.078125 0.095703125
0 0.583984375 0.515625 0.09765625 0.24609375
0 0.720703125 0.5517578125 0.142578125 0.36328125
0 0.6318359375 0.537109375 0.099609375 0.185546875
0 0.6650390625 0.7041015625 0.203125 0.1640625
0 0.646484375 0.8251953125 0.173828125 0.080078125