0 0.31640625 0.3837890625 0.216796875 0.53125
0 0.5068359375 0.2392578125 0.083984375 0.076171875
0 0.603515625 0.2548828125 0.068359375 0.09765625
0 0.2861328125 0.7158203125 0.1015625 0.15234375
0 0.55859375 0.390625 0.05078125 0.041015625
0 0.4482421875 0.52734375 0.0625 0.1875
0 0.4521484375 0.3203125 0.052734375 0.056640625
0 0.6357421875 0.466796875 0.0625 0.099609375
0 0.3759765625 0.7705078125 0.046875 0.08984375
0 0.388671875 0.439453125 0.07421875 0.146484375
0 0.3037109375 0.5693359375 0.138671875 0.107421875
0 0.302734375 0.3125 0.0859375 0.181640625
0 0.380859375 0.6796875 0.150390625 0.2421875