0 0.5810546875 0.673828125 0.142578125 0.09765625
0 0.568359375 0.7900390625 0.072265625 0.169921875
0 0.494140625 0.9150390625 0.1171875 0.12109375
0 0.625 0.7177734375 0.126953125 0.158203125
0 0.693359375 0.408203125 0.0625 0.0859375
0 0.509765625 0.599609375 0.0859375 0.109375
0 0.5576171875 0.3349609375 0.197265625 0.427734375
0 0.5986328125 0.1630859375 0.17578125 0.203125
0 0.4736328125 0.4580078125 0.1875 0.4296875
0 0.4560546875 0.2763671875 0.154296875 0.162109375
0 0.4521484375 0.685546875 0.21875 0.556640625
0 0.62890625 0.5458984375 0.134765625 0.3671875