0 0.5830078125 0.203125 0.125 0.119140625
0 0.6123046875 0.3701171875 0.150390625 0.234375
0 0.73046875 0.6630859375 0.22265625 0.513671875
0 0.708984375 0.6240234375 0.09375 0.08984375
0 0.6142578125 0.673828125 0.130859375 0.146484375
0 0.654296875 0.75390625 0.12109375 0.126953125
0 0.513671875 0.7421875 0.12890625 0.15625
0 0.4111328125 0.478515625 0.15625 0.14453125
0 0.453125 0.3564453125 0.14453125 0.12109375
0 0.517578125 0.31640625 0.0859375 0.142578125
0 0.537109375 0.529296875 0.189453125 0.228515625
0 0.40625 0.6162109375 0.150390625 0.19140625
0 0.439453125 0.6884765625 0.162109375 0.171875
0 0.4970703125 0.4814453125 0.328125 0.35546875