0 0.13671875 0.42578125 0.146484375 0.12890625
0 0.0859375 0.4228515625 0.09375 0.08984375
0 0.4365234375 0.216796875 0.08984375 0.109375
0 0.474609375 0.2177734375 0.14453125 0.1875
0 0.5830078125 0.2294921875 0.14453125 0.2265625
0 0.67578125 0.2470703125 0.138671875 0.259765625
0 0.7197265625 0.283203125 0.115234375 0.212890625
0 0.625 0.3466796875 0.189453125 0.150390625
0 0.478515625 0.3017578125 0.150390625 0.08984375
0 0.3935546875 0.1923828125 0.14453125 0.130859375
0 0.6484375 0.6455078125 0.091796875 0.15625