0 0.33984375 0.4072265625 0.09375 0.056640625
0 0.3134765625 0.439453125 0.064453125 0.05078125
0 0.3779296875 0.3154296875 0.056640625 0.052734375
0 0.583984375 0.470703125 0.076171875 0.09375
0 0.630859375 0.484375 0.060546875 0.16796875
0 0.5615234375 0.5263671875 0.103515625 0.111328125
0 0.521484375 0.5791015625 0.08984375 0.1015625
0 0.5146484375 0.62890625 0.126953125 0.0703125
0 0.537109375 0.666015625 0.08984375 0.068359375
0 0.5859375 0.6748046875 0.125 0.115234375
0 0.6181640625 0.6826171875 0.103515625 0.048828125
0 0.6142578125 0.6044921875 0.099609375 0.169921875
0 0.5546875 0.720703125 0.1171875 0.0625