0 0.1396484375 0.53515625 0.078125 0.0390625
0 0.52734375 0.2744140625 0.216796875 0.068359375
0 0.642578125 0.31640625 0.095703125 0.078125
0 0.583984375 0.341796875 0.091796875 0.0625
0 0.720703125 0.3583984375 0.099609375 0.06640625
0 0.7978515625 0.400390625 0.06640625 0.09765625
0 0.8564453125 0.4306640625 0.083984375 0.1171875
0 0.8046875 0.51953125 0.076171875 0.123046875
0 0.7373046875 0.5263671875 0.12890625 0.201171875
0 0.759765625 0.5869140625 0.07421875 0.09765625
0 0.6337890625 0.6005859375 0.1171875 0.07421875
0 0.5966796875 0.5986328125 0.119140625 0.189453125
0 0.59375 0.6552734375 0.171875 0.115234375
0 0.474609375 0.615234375 0.17578125 0.1328125
0 0.4951171875 0.6064453125 0.123046875 0.181640625
0 0.4033203125 0.6025390625 0.1796875 0.15234375
0 0.3583984375 0.6611328125 0.189453125 0.11328125
0 0.33984375 0.564453125 0.091796875 0.060546875
0 0.6982421875 0.373046875 0.15234375 0.087890625