0 0.3271484375 0.2646484375 0.115234375 0.06640625
0 0.3642578125 0.337890625 0.091796875 0.0546875
0 0.4541015625 0.4033203125 0.09375 0.1328125
0 0.53515625 0.306640625 0.0859375 0.15625
0 0.4677734375 0.2880859375 0.130859375 0.162109375
0 0.5498046875 0.21875 0.083984375 0.12890625
0 0.5869140625 0.466796875 0.169921875 0.205078125
0 0.716796875 0.408203125 0.13671875 0.142578125
0 0.43359375 0.4951171875 0.154296875 0.15625
0 0.4130859375 0.609375 0.16796875 0.150390625
0 0.314453125 0.6611328125 0.171875 0.11328125
0 0.337890625 0.7646484375 0.134765625 0.107421875
0 0.4423828125 0.7451171875 0.16796875 0.146484375
0 0.419921875 0.8271484375 0.08203125 0.095703125
0 0.5595703125 0.740234375 0.08984375 0.166015625
0 0.59375 0.62109375 0.146484375 0.158203125
0 0.662109375 0.724609375 0.078125 0.14453125
0 0.8701171875 0.4404296875 0.078125 0.103515625
0 0.591796875 0.212890625 0.1015625 0.0546875