0 0.4072265625 0.1650390625 0.255859375 0.111328125
0 0.533203125 0.095703125 0.083984375 0.0546875
0 0.7294921875 0.25390625 0.30078125 0.15625
0 0.7021484375 0.3798828125 0.306640625 0.169921875
0 0.7666015625 0.4150390625 0.236328125 0.279296875
0 0.908203125 0.4443359375 0.177734375 0.27734375
0 0.7548828125 0.5517578125 0.322265625 0.21875
0 0.65234375 0.56640625 0.296875 0.171875
0 0.5029296875 0.607421875 0.099609375 0.06640625
0 0.6044921875 0.796875 0.216796875 0.1484375
0 0.7431640625 0.69140625 0.455078125 0.328125
0 0.66796875 0.6220703125 0.6640625 0.755859375
0 0.6435546875 0.17578125 0.484375 0.3515625
0 0.310546875 0.3115234375 0.296875 0.330078125
0 0.2255859375 0.4853515625 0.412109375 0.419921875
0 0.265625 0.69140625 0.23828125 0.388671875
0 0.1455078125 0.7001953125 0.083984375 0.150390625
0 0.1826171875 0.283203125 0.091796875 0.16796875