0 0.5576171875 0.0810546875 0.111328125 0.083984375
0 0.658203125 0.1279296875 0.171875 0.08984375
0 0.650390625 0.400390625 0.111328125 0.193359375
0 0.64453125 0.482421875 0.203125 0.265625
0 0.626953125 0.2578125 0.2421875 0.193359375
0 0.8125 0.2177734375 0.181640625 0.126953125
0 0.912109375 0.3251953125 0.146484375 0.126953125
0 0.7890625 0.4365234375 0.150390625 0.1484375
0 0.9111328125 0.462890625 0.130859375 0.095703125
0 0.9326171875 0.572265625 0.134765625 0.09765625
0 0.134765625 0.4609375 0.19140625 0.083984375
0 0.33203125 0.3798828125 0.111328125 0.109375
0 0.388671875 0.55078125 0.138671875 0.12890625
0 0.4384765625 0.26953125 0.0859375 0.111328125
0 0.658203125 0.3681640625 0.419921875 0.53125
0 0.6748046875 0.783203125 0.47265625 0.2421875
0 0.5 0.7021484375 0.408203125 0.236328125
0 0.2236328125 0.2216796875 0.224609375 0.09765625