0 0.32421875 0.451171875 0.06640625 0.3046875
0 0.333984375 0.5927734375 0.076171875 0.130859375
0 0.4189453125 0.640625 0.119140625 0.166015625
0 0.439453125 0.7041015625 0.08203125 0.189453125
0 0.541015625 0.5947265625 0.130859375 0.0703125
0 0.546875 0.78515625 0.119140625 0.25390625
0 0.578125 0.66796875 0.0859375 0.09765625
0 0.5517578125 0.6376953125 0.150390625 0.123046875
0 0.5009765625 0.4169921875 0.064453125 0.091796875
0 0.5185546875 0.1015625 0.052734375 0.1171875
0 0.47265625 0.2822265625 0.111328125 0.072265625
0 0.544921875 0.2431640625 0.0546875 0.083984375
0 0.3994140625 0.2001953125 0.091796875 0.056640625
0 0.392578125 0.1142578125 0.052734375 0.041015625
0 0.4150390625 0.408203125 0.123046875 0.13671875
0 0.4443359375 0.533203125 0.142578125 0.240234375
0 0.5556640625 0.5107421875 0.1015625 0.255859375
0 0.6240234375 0.5439453125 0.083984375 0.142578125
0 0.53125 0.875 0.0546875 0.15625
0 0.37890625 0.2783203125 0.02734375 0.037109375
0 0.337890625 0.2451171875 0.04296875 0.044921875