0 0.3896484375 0.1201171875 0.169921875 0.140625
0 0.1064453125 0.4736328125 0.07421875 0.1875
0 0.8623046875 0.3759765625 0.099609375 0.177734375
0 0.3427734375 0.8720703125 0.150390625 0.2421875
0 0.736328125 0.8974609375 0.087890625 0.173828125
0 0.810546875 0.7861328125 0.0859375 0.158203125
0 0.80859375 0.734375 0.15234375 0.314453125
0 0.884765625 0.6484375 0.095703125 0.26171875
0 0.94140625 0.568359375 0.1171875 0.27734375
0 0.29296875 0.68359375 0.095703125 0.158203125
0 0.6826171875 0.1240234375 0.123046875 0.17578125
0 0.7724609375 0.2880859375 0.044921875 0.107421875
0 0.2451171875 0.62109375 0.115234375 0.1875
0 0.2138671875 0.4091796875 0.099609375 0.20703125
0 0.203125 0.8525390625 0.091796875 0.146484375