0 0.3701171875 0.0439453125 0.130859375 0.087890625
0 0.26953125 0.0869140625 0.1015625 0.087890625
0 0.24609375 0.1826171875 0.0859375 0.18359375
0 0.197265625 0.2080078125 0.228515625 0.15234375
0 0.205078125 0.1513671875 0.1015625 0.068359375
0 0.32421875 0.1708984375 0.083984375 0.126953125
0 0.3662109375 0.1201171875 0.099609375 0.15625
0 0.43359375 0.1015625 0.083984375 0.1171875
0 0.486328125 0.0859375 0.087890625 0.119140625
0 0.6259765625 0.1259765625 0.14453125 0.109375
0 0.0810546875 0.2607421875 0.13671875 0.115234375
0 0.1083984375 0.630859375 0.16796875 0.140625
0 0.078125 0.6904296875 0.126953125 0.09765625
0 0.177734375 0.6494140625 0.115234375 0.095703125
0 0.880859375 0.623046875 0.15234375 0.1328125
0 0.5576171875 0.8984375 0.16015625 0.0546875
0 0.486328125 0.9169921875 0.125 0.16015625
0 0.7724609375 0.21875 0.12109375 0.083984375
0 0.900390625 0.4375 0.083984375 0.146484375
0 0.3076171875 0.7001953125 0.10546875 0.056640625
0 0.1904296875 0.755859375 0.125 0.09765625