0 0.2275390625 0.0927734375 0.109375 0.083984375
0 0.3583984375 0.0390625 0.154296875 0.078125
0 0.44140625 0.11328125 0.12109375 0.12890625
0 0.5927734375 0.0986328125 0.203125 0.078125
0 0.6201171875 0.1904296875 0.21875 0.095703125
0 0.810546875 0.2158203125 0.28125 0.212890625
0 0.63671875 0.25390625 0.150390625 0.076171875
0 0.7021484375 0.3251953125 0.236328125 0.064453125
0 0.7890625 0.396484375 0.150390625 0.078125
0 0.318359375 0.2275390625 0.083984375 0.037109375
0 0.2861328125 0.310546875 0.13671875 0.0859375
0 0.1787109375 0.3447265625 0.158203125 0.060546875
0 0.099609375 0.40234375 0.166015625 0.146484375
0 0.2177734375 0.7451171875 0.216796875 0.171875
0 0.37109375 0.791015625 0.068359375 0.064453125
0 0.583984375 0.771484375 0.146484375 0.173828125
0 0.7431640625 0.76171875 0.25 0.166015625
0 0.7646484375 0.6953125 0.142578125 0.251953125
0 0.5478515625 0.583984375 0.0546875 0.041015625
0 0.5361328125 0.48828125 0.10546875 0.080078125
0 0.318359375 0.4814453125 0.12109375 0.087890625
0 0.6669921875 0.572265625 0.103515625 0.091796875
0 0.2998046875 0.19921875 0.146484375 0.267578125
0 0.330078125 0.384765625 0.1640625 0.109375
0 0.453125 0.95703125 0.0703125 0.0859375