0 0.4443359375 0.0888671875 0.185546875 0.125
0 0.4189453125 0.2021484375 0.158203125 0.140625
0 0.3447265625 0.2734375 0.13671875 0.1640625
0 0.630859375 0.1650390625 0.171875 0.107421875
0 0.72265625 0.5107421875 0.046875 0.302734375
0 0.7099609375 0.5634765625 0.048828125 0.193359375
0 0.3505859375 0.6201171875 0.12109375 0.154296875
0 0.48046875 0.7431640625 0.03125 0.1875
0 0.4794921875 0.90234375 0.05078125 0.125
0 0.716796875 0.310546875 0.080078125 0.189453125
0 0.6435546875 0.6083984375 0.07421875 0.08984375
0 0.5478515625 0.328125 0.033203125 0.072265625