0 0.359375 0.330078125 0.056640625 0.060546875
0 0.4912109375 0.390625 0.076171875 0.044921875
0 0.623046875 0.3779296875 0.056640625 0.044921875
0 0.5810546875 0.4443359375 0.04296875 0.064453125
0 0.40625 0.4541015625 0.0546875 0.052734375
0 0.2099609375 0.6767578125 0.134765625 0.154296875
0 0.3193359375 0.658203125 0.185546875 0.26171875
0 0.453125 0.6650390625 0.099609375 0.310546875
0 0.537109375 0.6552734375 0.107421875 0.32421875
0 0.615234375 0.634765625 0.095703125 0.24609375
0 0.701171875 0.6123046875 0.09765625 0.142578125
0 0.7431640625 0.53515625 0.072265625 0.099609375
0 0.8984375 0.4736328125 0.09375 0.056640625
0 0.3095703125 0.431640625 0.05078125 0.06640625