0 0.794921875 0.697265625 0.26171875 0.177734375
0 0.841796875 0.5703125 0.162109375 0.083984375
0 0.81640625 0.2353515625 0.123046875 0.1796875
0 0.591796875 0.642578125 0.109375 0.138671875
0 0.6376953125 0.7607421875 0.259765625 0.119140625
0 0.8408203125 0.5615234375 0.283203125 0.14453125
0 0.951171875 0.478515625 0.09765625 0.08203125
0 0.3310546875 0.888671875 0.0625 0.091796875
0 0.4599609375 0.689453125 0.087890625 0.09765625
0 0.1044921875 0.3564453125 0.044921875 0.0625
0 0.5537109375 0.9599609375 0.107421875 0.080078125
0 0.720703125 0.6142578125 0.44140625 0.35546875
0 0.806640625 0.2412109375 0.05078125 0.05078125