0 0.49609375 0.27734375 0.2890625 0.0703125
0 0.328125 0.3525390625 0.255859375 0.048828125
0 0.2060546875 0.42578125 0.091796875 0.1171875
0 0.181640625 0.498046875 0.13671875 0.138671875
0 0.1298828125 0.494140625 0.0859375 0.12109375
0 0.224609375 0.5869140625 0.060546875 0.1328125
0 0.3095703125 0.57421875 0.12109375 0.1953125
0 0.3935546875 0.6484375 0.095703125 0.158203125
0 0.4921875 0.6416015625 0.1328125 0.21484375
0 0.5341796875 0.630859375 0.08984375 0.130859375
0 0.6123046875 0.6416015625 0.091796875 0.16796875
0 0.69140625 0.6318359375 0.0625 0.150390625
0 0.8955078125 0.5478515625 0.046875 0.076171875