0 0.078125 0.4853515625 0.115234375 0.091796875
0 0.1953125 0.4267578125 0.0625 0.08984375
0 0.1591796875 0.5048828125 0.0625 0.134765625
0 0.2041015625 0.529296875 0.05078125 0.109375
0 0.2568359375 0.5478515625 0.0859375 0.15234375
0 0.3173828125 0.5810546875 0.111328125 0.10546875
0 0.4091796875 0.5966796875 0.14453125 0.140625
0 0.48046875 0.5869140625 0.142578125 0.181640625
0 0.59375 0.541015625 0.056640625 0.0625
0 0.658203125 0.533203125 0.041015625 0.04296875
0 0.7255859375 0.55859375 0.060546875 0.046875
0 0.802734375 0.3896484375 0.0703125 0.03515625
0 0.6201171875 0.3525390625 0.109375 0.06640625
0 0.3046875 0.44921875 0.171875 0.16796875
0 0.5498046875 0.4228515625 0.158203125 0.07421875
0 0.5087890625 0.47265625 0.1328125 0.103515625
0 0.4130859375 0.48046875 0.154296875 0.1015625
0 0.7607421875 0.4990234375 0.06640625 0.033203125
0 0.5966796875 0.591796875 0.10546875 0.119140625
0 0.83203125 0.4404296875 0.224609375 0.046875
0 0.6513671875 0.3583984375 0.228515625 0.091796875
0 0.3466796875 0.3330078125 0.166015625 0.025390625
0 0.26953125 0.4619140625 0.16015625 0.134765625
0 0.697265625 0.4443359375 0.115234375 0.052734375
0 0.7001953125 0.55078125 0.13671875 0.15625
0 0.5654296875 0.369140625 0.146484375 0.09765625
0 0.3271484375 0.40625 0.1640625 0.173828125