0 0.2685546875 0.3759765625 0.1015625 0.060546875
0 0.271484375 0.443359375 0.119140625 0.111328125
0 0.3837890625 0.3740234375 0.15625 0.197265625
0 0.4521484375 0.287109375 0.10546875 0.158203125
0 0.56640625 0.2490234375 0.1875 0.142578125
0 0.7001953125 0.263671875 0.13671875 0.162109375
0 0.568359375 0.33203125 0.166015625 0.130859375
0 0.482421875 0.423828125 0.240234375 0.140625
0 0.67578125 0.3916015625 0.158203125 0.1640625
0 0.7646484375 0.3984375 0.04296875 0.228515625
0 0.7841796875 0.265625 0.0625 0.07421875
0 0.6181640625 0.5546875 0.046875 0.056640625
0 0.501953125 0.5986328125 0.060546875 0.083984375
0 0.421875 0.55078125 0.068359375 0.083984375
0 0.306640625 0.6552734375 0.072265625 0.072265625
0 0.6279296875 0.6767578125 0.10546875 0.04296875