0 0.2314453125 0.509765625 0.255859375 0.06640625
0 0.4169921875 0.27734375 0.17578125 0.08203125
0 0.830078125 0.40234375 0.099609375 0.11328125
0 0.90625 0.505859375 0.068359375 0.126953125
0 0.8642578125 0.5302734375 0.107421875 0.1484375
0 0.80078125 0.6025390625 0.140625 0.13671875
0 0.7255859375 0.6708984375 0.171875 0.091796875
0 0.40625 0.6923828125 0.095703125 0.142578125
0 0.5498046875 0.5029296875 0.3671875 0.044921875
0 0.6318359375 0.287109375 0.279296875 0.10546875
0 0.203125 0.4716796875 0.091796875 0.111328125
0 0.3671875 0.6796875 0.091796875 0.076171875