0 0.095703125 0.5244140625 0.0546875 0.0546875
0 0.369140625 0.72265625 0.115234375 0.06640625
0 0.580078125 0.646484375 0.0859375 0.05859375
0 0.32421875 0.455078125 0.2421875 0.140625
0 0.65234375 0.32421875 0.234375 0.15625
0 0.658203125 0.45703125 0.1484375 0.109375
0 0.6572265625 0.5439453125 0.080078125 0.126953125
0 0.7724609375 0.537109375 0.185546875 0.330078125
0 0.861328125 0.466796875 0.08984375 0.15625
0 0.4423828125 0.4091796875 0.041015625 0.072265625
0 0.55859375 0.52734375 0.08984375 0.064453125
0 0.423828125 0.599609375 0.08203125 0.06640625
0 0.40234375 0.2998046875 0.095703125 0.056640625
0 0.171875 0.47265625 0.0859375 0.080078125