0 0.458984375 0.2177734375 0.044921875 0.052734375
0 0.521484375 0.2783203125 0.08203125 0.068359375
0 0.55859375 0.392578125 0.1015625 0.08984375
0 0.2001953125 0.58984375 0.1875 0.140625
0 0.189453125 0.5458984375 0.0625 0.087890625
0 0.173828125 0.505859375 0.15234375 0.076171875
0 0.205078125 0.66015625 0.19140625 0.09765625
0 0.3173828125 0.6220703125 0.115234375 0.15625
0 0.169921875 0.42578125 0.091796875 0.10546875
0 0.2392578125 0.458984375 0.123046875 0.14453125
0 0.3037109375 0.5625 0.107421875 0.1796875
0 0.244140625 0.7216796875 0.1171875 0.134765625
0 0.27734375 0.701171875 0.125 0.0859375
0 0.181640625 0.7021484375 0.12890625 0.10546875