0 0.166015625 0.3720703125 0.208984375 0.150390625
0 0.283203125 0.44921875 0.17578125 0.15234375
0 0.419921875 0.43359375 0.123046875 0.0625
0 0.3916015625 0.5361328125 0.177734375 0.111328125
0 0.3037109375 0.6005859375 0.232421875 0.111328125
0 0.201171875 0.533203125 0.2421875 0.13671875
0 0.0673828125 0.466796875 0.119140625 0.16015625
0 0.1474609375 0.6005859375 0.201171875 0.146484375
0 0.490234375 0.7890625 0.05078125 0.07421875
0 0.568359375 0.134765625 0.13671875 0.095703125
0 0.556640625 0.162109375 0.271484375 0.09765625
0 0.427734375 0.0712890625 0.138671875 0.099609375
0 0.27734375 0.2578125 0.158203125 0.0859375
0 0.580078125 0.552734375 0.17578125 0.17578125
0 0.4013671875 0.3173828125 0.568359375 0.404296875
0 0.7666015625 0.3515625 0.3671875 0.5078125
0 0.876953125 0.5029296875 0.24609375 0.548828125
0 0.697265625 0.7177734375 0.380859375 0.23046875
0 0.5087890625 0.7314453125 0.435546875 0.345703125
0 0.4326171875 0.91015625 0.240234375 0.1796875
0 0.216796875 0.763671875 0.310546875 0.32421875