0 0.4931640625 0.1279296875 0.103515625 0.150390625
0 0.396484375 0.2470703125 0.04296875 0.119140625
0 0.42578125 0.5048828125 0.11328125 0.140625
0 0.4892578125 0.4521484375 0.099609375 0.150390625
0 0.4462890625 0.5908203125 0.087890625 0.119140625
0 0.4326171875 0.7509765625 0.087890625 0.0859375
0 0.5107421875 0.7587890625 0.03515625 0.052734375
0 0.357421875 0.58203125 0.06640625 0.11328125
0 0.322265625 0.3818359375 0.0859375 0.099609375
0 0.4287109375 0.1943359375 0.0546875 0.041015625
0 0.4365234375 0.6884765625 0.044921875 0.04296875