0 0.62890625 0.1689453125 0.11328125 0.111328125
0 0.658203125 0.2763671875 0.08203125 0.126953125
0 0.5673828125 0.265625 0.1640625 0.119140625
0 0.490234375 0.31640625 0.1328125 0.12109375
0 0.3955078125 0.421875 0.037109375 0.091796875
0 0.373046875 0.5205078125 0.103515625 0.21484375
0 0.3955078125 0.6376953125 0.14453125 0.162109375
0 0.427734375 0.615234375 0.1015625 0.083984375
0 0.4287109375 0.6826171875 0.166015625 0.1328125
0 0.3916015625 0.7412109375 0.166015625 0.10546875
0 0.4697265625 0.615234375 0.1328125 0.251953125
0 0.4560546875 0.451171875 0.109375 0.142578125
0 0.67578125 0.3876953125 0.12890625 0.076171875
0 0.708984375 0.349609375 0.064453125 0.126953125
0 0.7509765625 0.484375 0.0859375 0.1953125
0 0.6708984375 0.48046875 0.087890625 0.099609375
0 0.7119140625 0.56640625 0.091796875 0.1171875