0 0.5390625 0.09375 0.18359375 0.171875
0 0.5859375 0.3134765625 0.197265625 0.302734375
0 0.623046875 0.2919921875 0.15625 0.212890625
0 0.392578125 0.3505859375 0.052734375 0.087890625
0 0.38671875 0.51953125 0.05859375 0.12109375
0 0.484375 0.8349609375 0.0859375 0.197265625
0 0.6865234375 0.533203125 0.041015625 0.115234375
0 0.525390625 0.6494140625 0.060546875 0.0859375
0 0.521484375 0.2890625 0.0546875 0.1171875
0 0.47265625 0.8173828125 0.09375 0.130859375
0 0.498046875 0.5556640625 0.02734375 0.076171875
0 0.4677734375 0.4638671875 0.013671875 0.041015625
0 0.576171875 0.2666015625 0.23046875 0.365234375