0 0.240234375 0.271484375 0.19921875 0.30078125
0 0.337890625 0.236328125 0.224609375 0.32421875
0 0.4462890625 0.2919921875 0.228515625 0.228515625
0 0.626953125 0.36328125 0.28515625 0.1875
0 0.755859375 0.5986328125 0.08984375 0.15625
0 0.5634765625 0.521484375 0.095703125 0.08203125
0 0.5537109375 0.6181640625 0.12109375 0.1171875
0 0.3173828125 0.5517578125 0.150390625 0.173828125
0 0.2333984375 0.671875 0.232421875 0.26953125
0 0.3759765625 0.7958984375 0.193359375 0.208984375
0 0.431640625 0.869140625 0.177734375 0.20703125
0 0.4345703125 0.9326171875 0.072265625 0.134765625
0 0.5908203125 0.7685546875 0.201171875 0.12890625
0 0.8134765625 0.751953125 0.322265625 0.18359375
0 0.8251953125 0.5146484375 0.318359375 0.474609375
0 0.6494140625 0.32421875 0.376953125 0.2734375
0 0.4169921875 0.3134765625 0.326171875 0.619140625
0 0.240234375 0.341796875 0.35546875 0.404296875
0 0.1015625 0.4248046875 0.16015625 0.427734375
0 0.404296875 0.796875 0.544921875 0.40625