0 0.6650390625 0.6689453125 0.078125 0.052734375
0 0.708984375 0.6494140625 0.037109375 0.041015625
0 0.44921875 0.39453125 0.048828125 0.0625
0 0.416015625 0.4111328125 0.072265625 0.08984375
0 0.4091796875 0.4638671875 0.1015625 0.072265625
0 0.453125 0.357421875 0.111328125 0.080078125
0 0.505859375 0.38671875 0.06640625 0.09375
0 0.47265625 0.43359375 0.0625 0.080078125
0 0.521484375 0.4501953125 0.06640625 0.064453125
0 0.5537109375 0.4111328125 0.0625 0.08203125
0 0.5078125 0.330078125 0.1328125 0.08984375
0 0.37890625 0.5078125 0.08203125 0.064453125
0 0.431640625 0.537109375 0.076171875 0.046875
0 0.4736328125 0.5068359375 0.099609375 0.080078125
0 0.3857421875 0.5634765625 0.064453125 0.033203125
0 0.6220703125 0.7509765625 0.068359375 0.02734375