0 0.3896484375 0.232421875 0.330078125 0.06640625
0 0.65234375 0.3046875 0.189453125 0.13671875
0 0.7294921875 0.39453125 0.12890625 0.15234375
0 0.8017578125 0.3671875 0.197265625 0.142578125
0 0.76171875 0.4423828125 0.046875 0.056640625
0 0.7294921875 0.5126953125 0.068359375 0.115234375
0 0.6357421875 0.572265625 0.107421875 0.109375
0 0.5361328125 0.599609375 0.146484375 0.12890625
0 0.4033203125 0.6044921875 0.1484375 0.14453125
0 0.3779296875 0.564453125 0.1875 0.158203125
0 0.3388671875 0.6025390625 0.189453125 0.212890625
0 0.26953125 0.5947265625 0.15625 0.1328125
0 0.3837890625 0.58984375 0.052734375 0.052734375
0 0.5146484375 0.2958984375 0.12109375 0.0703125
0 0.63671875 0.490234375 0.126953125 0.1171875
0 0.49609375 0.5126953125 0.14453125 0.10546875