0 0.48828125 0.3818359375 0.15234375 0.099609375
0 0.474609375 0.103515625 0.04296875 0.17578125
0 0.5185546875 0.1962890625 0.064453125 0.123046875
0 0.56640625 0.26953125 0.080078125 0.1640625
0 0.6083984375 0.3154296875 0.10546875 0.111328125
0 0.6650390625 0.375 0.111328125 0.1171875
0 0.6103515625 0.4169921875 0.1171875 0.123046875
0 0.4892578125 0.2763671875 0.216796875 0.115234375
0 0.5078125 0.255859375 0.15625 0.14453125
0 0.4541015625 0.4033203125 0.236328125 0.150390625
0 0.4609375 0.5400390625 0.08203125 0.115234375
0 0.521484375 0.5341796875 0.0625 0.087890625
0 0.5546875 0.5537109375 0.09765625 0.201171875
0 0.6376953125 0.5146484375 0.095703125 0.111328125
0 0.724609375 0.5546875 0.06640625 0.2265625
0 0.666015625 0.6884765625 0.03515625 0.052734375
0 0.494140625 0.8125 0.05078125 0.140625
0 0.5009765625 0.8916015625 0.060546875 0.048828125
0 0.5830078125 0.689453125 0.046875 0.07421875
0 0.46875 0.7265625 0.056640625 0.046875
0 0.666015625 0.6357421875 0.109375 0.107421875
0 0.578125 0.775390625 0.0859375 0.046875
0 0.6171875 0.849609375 0.041015625 0.05859375
0 0.5478515625 0.8876953125 0.033203125 0.056640625