0 0.6767578125 0.8505859375 0.16015625 0.11328125
0 0.716796875 0.46484375 0.541015625 0.828125
0 0.701171875 0.40625 0.169921875 0.216796875
0 0.6513671875 0.599609375 0.314453125 0.298828125
0 0.5498046875 0.865234375 0.14453125 0.216796875
0 0.921875 0.5419921875 0.15625 0.376953125
0 0.7998046875 0.2724609375 0.171875 0.109375
0 0.2734375 0.5322265625 0.09765625 0.103515625
0 0.251953125 0.3642578125 0.1640625 0.0625
0 0.1357421875 0.548828125 0.208984375 0.119140625
0 0.4638671875 0.517578125 0.109375 0.23046875
0 0.697265625 0.68359375 0.23046875 0.09765625
0 0.8349609375 0.7705078125 0.107421875 0.04296875
0 0.443359375 0.154296875 0.244140625 0.07421875
0 0.626953125 0.427734375 0.23828125 0.39453125