0 0.1689453125 0.3720703125 0.26171875 0.048828125
0 0.26953125 0.34375 0.23828125 0.169921875
0 0.4140625 0.333984375 0.267578125 0.26953125
0 0.328125 0.2529296875 0.177734375 0.1171875
0 0.55078125 0.291015625 0.18359375 0.20703125
0 0.68359375 0.2890625 0.203125 0.193359375
0 0.7568359375 0.3642578125 0.15625 0.162109375
0 0.6298828125 0.4296875 0.322265625 0.123046875
0 0.23046875 0.4619140625 0.140625 0.154296875
0 0.23046875 0.57421875 0.140625 0.16796875
0 0.3603515625 0.505859375 0.19140625 0.1796875
0 0.439453125 0.634765625 0.1015625 0.08984375
0 0.6533203125 0.5146484375 0.078125 0.048828125
0 0.8037109375 0.451171875 0.130859375 0.056640625
0 0.130859375 0.4365234375 0.099609375 0.162109375
0 0.6357421875 0.6162109375 0.056640625 0.064453125
0 0.3564453125 0.513671875 0.166015625 0.111328125
0 0.072265625 0.4306640625 0.111328125 0.076171875
0 0.7763671875 0.3125 0.0390625 0.048828125
0 0.357421875 0.6201171875 0.021484375 0.076171875
0 0.5498046875 0.5146484375 0.05859375 0.03515625
0 0.68359375 0.560546875 0.033203125 0.02734375