0 0.1318359375 0.5947265625 0.142578125 0.099609375
0 0.189453125 0.5068359375 0.12890625 0.177734375
0 0.2705078125 0.4697265625 0.177734375 0.265625
0 0.3779296875 0.5380859375 0.1875 0.142578125
0 0.41015625 0.44921875 0.1484375 0.09765625
0 0.349609375 0.328125 0.119140625 0.080078125
0 0.482421875 0.2900390625 0.224609375 0.078125
0 0.6611328125 0.337890625 0.12890625 0.154296875
0 0.771484375 0.4677734375 0.12890625 0.150390625
0 0.6875 0.634765625 0.12109375 0.171875
0 0.7412109375 0.5888671875 0.068359375 0.125
0 0.533203125 0.578125 0.107421875 0.091796875
0 0.4912109375 0.6865234375 0.1171875 0.134765625
0 0.400390625 0.6796875 0.228515625 0.171875
0 0.294921875 0.6298828125 0.263671875 0.162109375
0 0.298828125 0.69921875 0.103515625 0.076171875
0 0.609375 0.509765625 0.22265625 0.0703125
0 0.619140625 0.6748046875 0.1640625 0.193359375
0 0.5234375 0.37890625 0.05078125 0.1328125
0 0.8798828125 0.498046875 0.126953125 0.111328125