0 0.5751953125 0.224609375 0.13671875 0.263671875
0 0.458984375 0.31640625 0.107421875 0.279296875
0 0.5419921875 0.4580078125 0.224609375 0.349609375
0 0.5966796875 0.4384765625 0.12890625 0.177734375
0 0.6376953125 0.314453125 0.068359375 0.244140625
0 0.5068359375 0.61328125 0.125 0.2734375
0 0.529296875 0.662109375 0.158203125 0.14453125
0 0.4326171875 0.7177734375 0.181640625 0.359375
0 0.396484375 0.6650390625 0.166015625 0.24609375
0 0.3251953125 0.6142578125 0.08203125 0.078125
0 0.2412109375 0.583984375 0.08203125 0.07421875
0 0.38671875 0.505859375 0.16796875 0.15234375
0 0.361328125 0.380859375 0.080078125 0.19921875
0 0.2939453125 0.533203125 0.142578125 0.1171875