0 0.685546875 0.1103515625 0.177734375 0.15234375
0 0.6376953125 0.2958984375 0.07421875 0.119140625
0 0.505859375 0.3935546875 0.09765625 0.080078125
0 0.5625 0.3779296875 0.05078125 0.0859375
0 0.484375 0.6845703125 0.064453125 0.08984375
0 0.619140625 0.6953125 0.14453125 0.125
0 0.9658203125 0.5361328125 0.068359375 0.072265625
0 0.7587890625 0.4228515625 0.30859375 0.1796875
0 0.75 0.3056640625 0.275390625 0.298828125
0 0.626953125 0.1806640625 0.232421875 0.361328125
0 0.3896484375 0.38671875 0.109375 0.255859375
0 0.2236328125 0.2890625 0.0390625 0.0859375
0 0.615234375 0.501953125 0.337890625 0.185546875
0 0.5546875 0.3583984375 0.11328125 0.10546875
0 0.82421875 0.564453125 0.25390625 0.23828125
0 0.68359375 0.67578125 0.556640625 0.2265625
0 0.5341796875 0.740234375 0.390625 0.255859375
0 0.537109375 0.921875 0.396484375 0.150390625
0 0.6474609375 0.806640625 0.365234375 0.166015625
0 0.4990234375 0.046875 0.134765625 0.09375
0 0.037109375 0.650390625 0.07421875 0.099609375