0 0.5107421875 0.8525390625 0.119140625 0.091796875
0 0.615234375 0.8349609375 0.06640625 0.08984375
0 0.466796875 0.703125 0.03125 0.078125
0 0.5361328125 0.6181640625 0.048828125 0.052734375
0 0.3427734375 0.791015625 0.07421875 0.05859375
0 0.1552734375 0.5791015625 0.103515625 0.1484375
0 0.333984375 0.5419921875 0.076171875 0.060546875
0 0.478515625 0.53515625 0.08203125 0.05859375
0 0.45703125 0.41015625 0.07421875 0.109375
0 0.5849609375 0.4169921875 0.052734375 0.060546875
0 0.6279296875 0.5341796875 0.099609375 0.064453125
0 0.974609375 0.50390625 0.029296875 0.0703125
0 0.7119140625 0.8544921875 0.099609375 0.068359375
0 0.544921875 0.96484375 0.05859375 0.0703125
0 0.58984375 0.7275390625 0.048828125 0.083984375
0 0.2138671875 0.2568359375 0.408203125 0.162109375
0 0.525390625 0.28125 0.265625 0.16015625
0 0.6064453125 0.2373046875 0.134765625 0.091796875
0 0.7958984375 0.25390625 0.224609375 0.09375
0 0.6728515625 0.2607421875 0.080078125 0.201171875
0 0.7021484375 0.1796875 0.173828125 0.1015625
0 0.595703125 0.126953125 0.2265625 0.13671875
0 0.443359375 0.154296875 0.1796875 0.15234375
0 0.41796875 0.0712890625 0.177734375 0.142578125
0 0.27734375 0.125 0.2734375 0.18359375
0 0.1494140625 0.1240234375 0.2109375 0.130859375
0 0.0849609375 0.166015625 0.134765625 0.0859375
0 0.607421875 0.9228515625 0.0703125 0.146484375