0 0.1142578125 0.533203125 0.087890625 0.06640625
0 0.470703125 0.3681640625 0.12109375 0.103515625
0 0.658203125 0.3828125 0.140625 0.0625
0 0.7060546875 0.2822265625 0.087890625 0.052734375
0 0.771484375 0.41796875 0.13671875 0.11328125
0 0.791015625 0.5068359375 0.115234375 0.13671875
0 0.6630859375 0.5087890625 0.126953125 0.0703125
0 0.6767578125 0.5703125 0.171875 0.150390625
0 0.6513671875 0.6455078125 0.232421875 0.126953125
0 0.6611328125 0.7314453125 0.220703125 0.109375
0 0.677734375 0.822265625 0.201171875 0.09375
0 0.6806640625 0.8974609375 0.173828125 0.099609375
0 0.5380859375 0.9345703125 0.080078125 0.064453125
0 0.4228515625 0.728515625 0.2109375 0.15234375
0 0.45703125 0.6005859375 0.1328125 0.099609375
0 0.3994140625 0.8544921875 0.2734375 0.19140625
0 0.818359375 0.7470703125 0.1328125 0.189453125
0 0.82421875 0.6240234375 0.2421875 0.107421875
0 0.8974609375 0.5458984375 0.189453125 0.162109375
0 0.369140625 0.3154296875 0.08203125 0.064453125