0 0.6337890625 0.12890625 0.20703125 0.142578125
0 0.681640625 0.2607421875 0.1953125 0.064453125
0 0.7490234375 0.451171875 0.240234375 0.13671875
0 0.89453125 0.3291015625 0.2109375 0.15234375
0 0.7939453125 0.43359375 0.337890625 0.3203125
0 0.6669921875 0.64453125 0.123046875 0.271484375
0 0.7587890625 0.7578125 0.23828125 0.171875
0 0.7666015625 0.904296875 0.201171875 0.16015625
0 0.9150390625 0.3037109375 0.169921875 0.21484375
0 0.7744140625 0.0703125 0.076171875 0.099609375
0 0.4580078125 0.6435546875 0.2578125 0.16015625
0 0.13671875 0.619140625 0.13671875 0.08203125
0 0.0771484375 0.54296875 0.150390625 0.271484375
0 0.240234375 0.58984375 0.23828125 0.220703125
0 0.6572265625 0.609375 0.158203125 0.4609375
0 0.68359375 0.24609375 0.1484375 0.16796875
0 0.4482421875 0.36328125 0.056640625 0.07421875
0 0.884765625 0.7314453125 0.087890625 0.12109375
0 0.9560546875 0.4462890625 0.080078125 0.103515625