0 0.3662109375 0.6552734375 0.111328125 0.134765625
0 0.763671875 0.619140625 0.080078125 0.1328125
0 0.80859375 0.5732421875 0.068359375 0.142578125
0 0.6279296875 0.1640625 0.072265625 0.078125
0 0.349609375 0.294921875 0.099609375 0.107421875
0 0.404296875 0.2265625 0.125 0.1328125
0 0.4521484375 0.1826171875 0.126953125 0.130859375
0 0.5205078125 0.1279296875 0.0859375 0.1796875
0 0.55078125 0.1142578125 0.076171875 0.076171875
0 0.48828125 0.09765625 0.13671875 0.126953125
0 0.599609375 0.892578125 0.095703125 0.076171875
0 0.5419921875 0.919921875 0.099609375 0.1171875