0 0.31640625 0.3740234375 0.12109375 0.080078125
0 0.25390625 0.4326171875 0.171875 0.134765625
0 0.1142578125 0.517578125 0.162109375 0.123046875
0 0.208984375 0.5546875 0.162109375 0.16015625
0 0.2939453125 0.5341796875 0.103515625 0.208984375
0 0.3779296875 0.5009765625 0.09765625 0.294921875
0 0.4443359375 0.4677734375 0.111328125 0.154296875
0 0.5009765625 0.45703125 0.09765625 0.142578125
0 0.8447265625 0.5400390625 0.115234375 0.0859375
0 0.5126953125 0.5908203125 0.087890625 0.10546875
0 0.4248046875 0.5625 0.09765625 0.25
0 0.4033203125 0.328125 0.115234375 0.05859375
0 0.5439453125 0.458984375 0.154296875 0.083984375