0 0.4033203125 0.234375 0.07421875 0.0859375
0 0.326171875 0.4736328125 0.1953125 0.087890625
0 0.462890625 0.505859375 0.193359375 0.185546875
0 0.322265625 0.552734375 0.1328125 0.15234375
0 0.4580078125 0.6142578125 0.162109375 0.17578125
0 0.5703125 0.6015625 0.19921875 0.205078125
0 0.669921875 0.49609375 0.236328125 0.17578125
0 0.80078125 0.4208984375 0.173828125 0.201171875
0 0.8798828125 0.4501953125 0.205078125 0.15234375
0 0.5888671875 0.2841796875 0.091796875 0.080078125
0 0.5537109375 0.2099609375 0.072265625 0.080078125