0 0.4208984375 0.1708984375 0.15234375 0.208984375
0 0.4541015625 0.0595703125 0.142578125 0.10546875
0 0.521484375 0.1396484375 0.11328125 0.197265625
0 0.5849609375 0.212890625 0.091796875 0.10546875
0 0.6181640625 0.248046875 0.076171875 0.05859375
0 0.5087890625 0.3173828125 0.201171875 0.162109375
0 0.4052734375 0.3271484375 0.123046875 0.193359375
0 0.482421875 0.4423828125 0.107421875 0.134765625
0 0.5205078125 0.5244140625 0.072265625 0.1484375
0 0.556640625 0.5166015625 0.1171875 0.1796875
0 0.5341796875 0.6142578125 0.103515625 0.154296875
0 0.6435546875 0.6689453125 0.115234375 0.220703125
0 0.705078125 0.568359375 0.068359375 0.123046875
0 0.61328125 0.4404296875 0.0546875 0.138671875