0 0.3212890625 0.1484375 0.12109375 0.13671875
0 0.205078125 0.2646484375 0.15625 0.17578125
0 0.08984375 0.439453125 0.17578125 0.232421875
0 0.212890625 0.5029296875 0.16796875 0.3671875
0 0.3525390625 0.5185546875 0.087890625 0.125
0 0.537109375 0.4501953125 0.095703125 0.09765625
0 0.6708984375 0.033203125 0.103515625 0.06640625
0 0.8564453125 0.2783203125 0.12890625 0.1875
0 0.9248046875 0.4677734375 0.091796875 0.07421875
0 0.6376953125 0.71875 0.09765625 0.09765625
0 0.2861328125 0.845703125 0.0703125 0.10546875
0 0.7119140625 0.890625 0.056640625 0.07421875
0 0.31640625 0.732421875 0.103515625 0.134765625
0 0.7451171875 0.2958984375 0.046875 0.24609375
0 0.40234375 0.0478515625 0.1171875 0.078125
0 0.224609375 0.7001953125 0.1328125 0.236328125
0 0.5654296875 0.9423828125 0.078125 0.087890625
0 0.6376953125 0.1611328125 0.111328125 0.162109375