0 0.482421875 0.2197265625 0.08984375 0.142578125
0 0.673828125 0.4111328125 0.09765625 0.111328125
0 0.5556640625 0.48046875 0.048828125 0.1015625
0 0.61328125 0.5244140625 0.095703125 0.119140625
0 0.6689453125 0.5830078125 0.103515625 0.109375
0 0.671875 0.6923828125 0.109375 0.1875
0 0.6142578125 0.765625 0.142578125 0.140625
0 0.5615234375 0.6103515625 0.138671875 0.1953125
0 0.4765625 0.611328125 0.09375 0.125
0 0.421875 0.4990234375 0.09375 0.041015625
0 0.392578125 0.5576171875 0.05078125 0.064453125
0 0.4375 0.681640625 0.109375 0.1796875
0 0.4736328125 0.8115234375 0.123046875 0.306640625
0 0.53515625 0.8935546875 0.11328125 0.212890625
0 0.3759765625 0.427734375 0.052734375 0.07421875