0 0.6865234375 0.3076171875 0.091796875 0.220703125
0 0.6708984375 0.439453125 0.111328125 0.19921875
0 0.6279296875 0.4814453125 0.123046875 0.189453125
0 0.6142578125 0.6337890625 0.087890625 0.150390625
0 0.693359375 0.6611328125 0.09375 0.251953125
0 0.701171875 0.8369140625 0.1015625 0.146484375
0 0.7431640625 0.572265625 0.080078125 0.21484375
0 0.7724609375 0.396484375 0.076171875 0.28125
0 0.7998046875 0.2783203125 0.099609375 0.177734375
0 0.76171875 0.2294921875 0.06640625 0.158203125
0 0.7978515625 0.1923828125 0.126953125 0.310546875
0 0.8701171875 0.451171875 0.021484375 0.1015625
0 0.677734375 0.32421875 0.03515625 0.15625