0 0.580078125 0.3408203125 0.091796875 0.06640625
0 0.4755859375 0.390625 0.126953125 0.103515625
0 0.4892578125 0.2939453125 0.052734375 0.0234375
0 0.462890625 0.1455078125 0.04296875 0.072265625
0 0.5419921875 0.48828125 0.080078125 0.146484375
0 0.4560546875 0.509765625 0.10546875 0.15234375
0 0.5078125 0.6650390625 0.1015625 0.11328125
0 0.51171875 0.615234375 0.078125 0.09765625
0 0.498046875 0.759765625 0.048828125 0.080078125
0 0.51953125 0.826171875 0.0390625 0.037109375
0 0.5009765625 0.76171875 0.13671875 0.203125
0 0.4921875 0.615234375 0.1328125 0.341796875
0 0.4521484375 0.3916015625 0.212890625 0.310546875
0 0.4755859375 0.26171875 0.16015625 0.37890625
0 0.591796875 0.513671875 0.044921875 0.435546875
0 0.552734375 0.775390625 0.072265625 0.15234375