0 0.4345703125 0.1083984375 0.091796875 0.064453125
0 0.353515625 0.138671875 0.11328125 0.05078125
0 0.2236328125 0.32421875 0.060546875 0.130859375
0 0.205078125 0.4033203125 0.083984375 0.125
0 0.19921875 0.4755859375 0.052734375 0.04296875
0 0.6455078125 0.34375 0.09765625 0.103515625
0 0.6591796875 0.685546875 0.080078125 0.109375
0 0.6240234375 0.748046875 0.0546875 0.123046875
0 0.57421875 0.7783203125 0.107421875 0.087890625
0 0.5791015625 0.7353515625 0.078125 0.068359375
0 0.548828125 0.802734375 0.142578125 0.11328125
0 0.4873046875 0.8310546875 0.09375 0.087890625
0 0.4775390625 0.87890625 0.115234375 0.0859375
0 0.5263671875 0.9033203125 0.12109375 0.10546875
0 0.376953125 0.830078125 0.087890625 0.072265625
0 0.2265625 0.642578125 0.048828125 0.142578125
0 0.291015625 0.748046875 0.064453125 0.099609375