0 0.33984375 0.328125 0.05078125 0.0625
0 0.42578125 0.396484375 0.05859375 0.078125
0 0.4072265625 0.48046875 0.068359375 0.0625
0 0.431640625 0.564453125 0.0625 0.05859375
0 0.337890625 0.5849609375 0.083984375 0.064453125
0 0.3642578125 0.6865234375 0.140625 0.083984375
0 0.5712890625 0.208984375 0.080078125 0.078125
0 0.5986328125 0.2978515625 0.119140625 0.134765625
0 0.689453125 0.291015625 0.10546875 0.2109375
0 0.7880859375 0.3427734375 0.123046875 0.291015625
0 0.748046875 0.5009765625 0.15234375 0.197265625
0 0.6396484375 0.4658203125 0.21484375 0.271484375
0 0.556640625 0.552734375 0.177734375 0.201171875
0 0.634765625 0.6279296875 0.1484375 0.216796875
0 0.556640625 0.693359375 0.19921875 0.169921875