0 0.4130859375 0.35546875 0.0859375 0.251953125
0 0.4443359375 0.22265625 0.08984375 0.138671875
0 0.5068359375 0.0732421875 0.080078125 0.091796875
0 0.572265625 0.1923828125 0.095703125 0.13671875
0 0.498046875 0.271484375 0.099609375 0.107421875
0 0.3935546875 0.490234375 0.0625 0.1875
0 0.4541015625 0.603515625 0.068359375 0.076171875
0 0.6259765625 0.8125 0.0546875 0.06640625
0 0.6708984375 0.63671875 0.046875 0.072265625
0 0.4609375 0.4794921875 0.103515625 0.169921875
0 0.578125 0.4755859375 0.080078125 0.103515625
0 0.587890625 0.546875 0.072265625 0.056640625
0 0.4794921875 0.697265625 0.0625 0.140625
0 0.556640625 0.7021484375 0.08203125 0.09765625
0 0.4638671875 0.37109375 0.109375 0.541015625
0 0.578125 0.8583984375 0.037109375 0.109375
0 0.62890625 0.6201171875 0.12109375 0.1171875
0 0.5224609375 0.365234375 0.048828125 0.1796875
0 0.58203125 0.2802734375 0.099609375 0.068359375