0 0.763671875 0.7861328125 0.173828125 0.130859375
0 0.869140625 0.70703125 0.068359375 0.0703125
0 0.6337890625 0.7841796875 0.087890625 0.09375
0 0.2314453125 0.623046875 0.150390625 0.23828125
0 0.232421875 0.7763671875 0.17578125 0.154296875
0 0.3974609375 0.759765625 0.185546875 0.1796875
0 0.517578125 0.7373046875 0.08203125 0.056640625
0 0.521484375 0.8056640625 0.044921875 0.068359375
0 0.5263671875 0.9599609375 0.072265625 0.080078125
0 0.140625 0.294921875 0.162109375 0.091796875
0 0.234375 0.384765625 0.15234375 0.07421875
0 0.189453125 0.236328125 0.123046875 0.10546875
0 0.3154296875 0.2763671875 0.181640625 0.177734375
0 0.3154296875 0.1728515625 0.255859375 0.119140625
0 0.4072265625 0.1162109375 0.09765625 0.09375
0 0.4873046875 0.2021484375 0.09765625 0.087890625
0 0.5390625 0.1259765625 0.103515625 0.091796875
0 0.625 0.0498046875 0.123046875 0.076171875
0 0.6328125 0.09765625 0.076171875 0.052734375
0 0.7763671875 0.0947265625 0.146484375 0.103515625
0 0.705078125 0.1708984375 0.099609375 0.1328125
0 0.736328125 0.283203125 0.08984375 0.09375
0 0.71875 0.326171875 0.095703125 0.060546875
0 0.60546875 0.4599609375 0.115234375 0.197265625
0 0.505859375 0.4619140625 0.072265625 0.080078125
0 0.4501953125 0.603515625 0.0859375 0.095703125
0 0.8447265625 0.3330078125 0.119140625 0.087890625
0 0.9501953125 0.37890625 0.095703125 0.080078125
0 0.9072265625 0.4365234375 0.115234375 0.076171875
0 0.4833984375 0.28515625 0.16015625 0.15625
0 0.380859375 0.45703125 0.08984375 0.0546875
0 0.3466796875 0.5732421875 0.06640625 0.078125
0 0.6767578125 0.6435546875 0.09765625 0.041015625
0 0.38671875 0.89453125 0.08984375 0.0546875