0 0.3916015625 0.130859375 0.1171875 0.1171875
0 0.4765625 0.0732421875 0.076171875 0.076171875
0 0.5595703125 0.044921875 0.052734375 0.05078125
0 0.6455078125 0.080078125 0.10546875 0.07421875
0 0.38671875 0.2490234375 0.21875 0.12109375
0 0.5087890625 0.2314453125 0.083984375 0.064453125
0 0.5830078125 0.28515625 0.068359375 0.1640625
0 0.29296875 0.4208984375 0.09375 0.09765625
0 0.1181640625 0.5830078125 0.177734375 0.171875
0 0.0615234375 0.58984375 0.123046875 0.0625
0 0.20703125 0.6611328125 0.224609375 0.154296875
0 0.2734375 0.78125 0.25 0.197265625
0 0.40625 0.8095703125 0.2421875 0.357421875
0 0.560546875 0.7685546875 0.26953125 0.15625
0 0.591796875 0.6728515625 0.11328125 0.11328125
0 0.640625 0.5390625 0.1015625 0.05859375
0 0.78125 0.5302734375 0.173828125 0.107421875
0 0.6884765625 0.357421875 0.09375 0.09375
0 0.810546875 0.40234375 0.189453125 0.064453125
0 0.9638671875 0.4658203125 0.04296875 0.310546875
0 0.9033203125 0.6259765625 0.13671875 0.146484375
0 0.8251953125 0.58984375 0.068359375 0.068359375
0 0.1728515625 0.2353515625 0.138671875 0.099609375
0 0.484375 0.470703125 0.150390625 0.07421875