0 0.5263671875 0.453125 0.123046875 0.2109375
0 0.318359375 0.41796875 0.15234375 0.125
0 0.2490234375 0.564453125 0.166015625 0.193359375
0 0.1240234375 0.5322265625 0.173828125 0.1640625
0 0.0517578125 0.482421875 0.087890625 0.06640625
0 0.1826171875 0.447265625 0.103515625 0.1171875
0 0.166015625 0.650390625 0.05078125 0.171875
0 0.2373046875 0.7216796875 0.091796875 0.208984375
0 0.318359375 0.7177734375 0.12890625 0.19921875
0 0.4013671875 0.6162109375 0.146484375 0.15234375
0 0.451171875 0.5224609375 0.21484375 0.193359375
0 0.443359375 0.3984375 0.138671875 0.1484375
0 0.609375 0.390625 0.09765625 0.1015625
0 0.724609375 0.4140625 0.171875 0.19921875
0 0.640625 0.5078125 0.140625 0.15625
0 0.423828125 0.734375 0.177734375 0.23046875
0 0.5498046875 0.7138671875 0.236328125 0.26953125
0 0.650390625 0.66796875 0.193359375 0.283203125
0 0.6513671875 0.71875 0.130859375 0.1640625
0 0.7646484375 0.6845703125 0.05859375 0.09375
0 0.802734375 0.595703125 0.107421875 0.12890625
0 0.865234375 0.5517578125 0.0859375 0.125
0 0.951171875 0.52734375 0.09765625 0.0234375
0 0.810546875 0.6806640625 0.06640625 0.0859375