0 0.1201171875 0.2802734375 0.07421875 0.1171875
0 0.154296875 0.73046875 0.08203125 0.125
0 0.2744140625 0.6962890625 0.119140625 0.09375
0 0.4111328125 0.73046875 0.21484375 0.05078125
0 0.5078125 0.6181640625 0.140625 0.056640625
0 0.5546875 0.4482421875 0.134765625 0.111328125
0 0.552734375 0.7080078125 0.064453125 0.169921875
0 0.478515625 0.82421875 0.208984375 0.150390625
0 0.6259765625 0.8291015625 0.1953125 0.185546875
0 0.7236328125 0.779296875 0.298828125 0.138671875
0 0.853515625 0.6875 0.142578125 0.11328125
0 0.9501953125 0.3388671875 0.095703125 0.119140625
0 0.728515625 0.142578125 0.13671875 0.080078125
0 0.546875 0.0654296875 0.09765625 0.130859375
0 0.427734375 0.27734375 0.091796875 0.025390625
0 0.56640625 0.92578125 0.1328125 0.1484375
0 0.2890625 0.357421875 0.125 0.078125