0 0.3564453125 0.4423828125 0.095703125 0.12890625
0 0.39453125 0.5107421875 0.119140625 0.091796875
0 0.51171875 0.474609375 0.17578125 0.10546875
0 0.7109375 0.4677734375 0.287109375 0.125
0 0.8251953125 0.4814453125 0.146484375 0.06640625
0 0.166015625 0.525390625 0.134765625 0.0546875
0 0.333984375 0.4248046875 0.072265625 0.064453125
0 0.4501953125 0.4326171875 0.32421875 0.244140625
0 0.6533203125 0.498046875 0.322265625 0.169921875
0 0.80078125 0.4697265625 0.2890625 0.109375
0 0.4892578125 0.5615234375 0.466796875 0.0703125
0 0.234375 0.5302734375 0.302734375 0.13671875
0 0.5458984375 0.4140625 0.36328125 0.1171875