0 0.517578125 0.29296875 0.134765625 0.142578125
0 0.521484375 0.431640625 0.0859375 0.130859375
0 0.5732421875 0.4052734375 0.072265625 0.125
0 0.4091796875 0.3447265625 0.08203125 0.048828125
0 0.4150390625 0.4453125 0.126953125 0.09765625
0 0.357421875 0.498046875 0.078125 0.0703125
0 0.333984375 0.5947265625 0.046875 0.052734375
0 0.484375 0.6533203125 0.11328125 0.06640625
0 0.537109375 0.56640625 0.107421875 0.16796875
0 0.4990234375 0.5537109375 0.076171875 0.046875
0 0.466796875 0.7431640625 0.123046875 0.103515625
0 0.5302734375 0.716796875 0.060546875 0.1015625
0 0.548828125 0.8173828125 0.08203125 0.119140625
0 0.6748046875 0.27734375 0.130859375 0.109375
0 0.703125 0.359375 0.208984375 0.080078125
0 0.7177734375 0.4423828125 0.197265625 0.107421875
0 0.6669921875 0.4912109375 0.11328125 0.103515625
0 0.7880859375 0.5029296875 0.13671875 0.1171875
0 0.6650390625 0.568359375 0.109375 0.109375
0 0.759765625 0.58203125 0.103515625 0.12890625
0 0.609375 0.5791015625 0.060546875 0.041015625
0 0.705078125 0.6513671875 0.142578125 0.109375
0 0.75 0.697265625 0.09375 0.05859375
0 0.6875 0.7509765625 0.1171875 0.109375