0 0.060546875 0.501953125 0.11328125 0.125
0 0.2265625 0.408203125 0.15234375 0.10546875
0 0.3837890625 0.3154296875 0.1640625 0.091796875
0 0.5634765625 0.3662109375 0.1640625 0.283203125
0 0.6357421875 0.19140625 0.22265625 0.25
0 0.7666015625 0.2197265625 0.2734375 0.208984375
0 0.7373046875 0.2626953125 0.505859375 0.333984375
0 0.9033203125 0.4013671875 0.162109375 0.111328125
0 0.9033203125 0.5517578125 0.158203125 0.125
0 0.7744140625 0.5908203125 0.193359375 0.078125
0 0.552734375 0.564453125 0.15625 0.13671875
0 0.623046875 0.6884765625 0.12890625 0.087890625
0 0.796875 0.755859375 0.1015625 0.06640625
0 0.3681640625 0.6435546875 0.2265625 0.123046875
0 0.20703125 0.7451171875 0.234375 0.248046875
0 0.3662109375 0.537109375 0.12109375 0.06640625
0 0.4453125 0.416015625 0.150390625 0.05859375
0 0.296875 0.2197265625 0.234375 0.083984375
0 0.431640625 0.13671875 0.15625 0.1015625
0 0.4755859375 0.8505859375 0.107421875 0.294921875
0 0.9228515625 0.681640625 0.064453125 0.05859375
0 0.12890625 0.640625 0.2578125 0.21484375
0 0.2734375 0.421875 0.40625 0.3515625