0 0.275390625 0.4609375 0.09765625 0.107421875
0 0.2939453125 0.583984375 0.134765625 0.181640625
0 0.3408203125 0.6708984375 0.16796875 0.166015625
0 0.478515625 0.638671875 0.1484375 0.125
0 0.423828125 0.5283203125 0.13671875 0.146484375
0 0.3935546875 0.4384765625 0.16015625 0.177734375
0 0.546875 0.431640625 0.11328125 0.2421875
0 0.6748046875 0.462890625 0.185546875 0.22265625
0 0.763671875 0.5302734375 0.185546875 0.193359375
0 0.8935546875 0.5849609375 0.203125 0.1171875
0 0.755859375 0.634765625 0.150390625 0.126953125
0 0.6630859375 0.6337890625 0.154296875 0.109375
0 0.607421875 0.6640625 0.134765625 0.197265625
0 0.7080078125 0.7587890625 0.15625 0.13671875
0 0.634765625 0.85546875 0.091796875 0.099609375
0 0.603515625 0.814453125 0.087890625 0.099609375
0 0.498046875 0.736328125 0.201171875 0.35546875
0 0.392578125 0.7685546875 0.189453125 0.228515625
0 0.29296875 0.716796875 0.138671875 0.1796875
0 0.2216796875 0.5849609375 0.12890625 0.162109375
0 0.177734375 0.6611328125 0.099609375 0.18359375
0 0.123046875 0.6162109375 0.091796875 0.083984375