0 0.671875 0.576171875 0.2578125 0.201171875
0 0.5703125 0.6943359375 0.34375 0.13671875
0 0.578125 0.7998046875 0.3671875 0.251953125
0 0.6328125 0.8603515625 0.181640625 0.166015625
0 0.7724609375 0.77734375 0.150390625 0.1484375
0 0.84375 0.6865234375 0.171875 0.10546875
0 0.87890625 0.66796875 0.23046875 0.15625
0 0.490234375 0.5869140625 0.38671875 0.224609375
0 0.2783203125 0.6484375 0.228515625 0.23828125
0 0.1669921875 0.7646484375 0.208984375 0.232421875
0 0.2099609375 0.8681640625 0.154296875 0.1640625
0 0.3046875 0.8623046875 0.150390625 0.275390625
0 0.4189453125 0.9384765625 0.173828125 0.123046875
0 0.51953125 0.921875 0.185546875 0.15625
0 0.1005859375 0.8056640625 0.201171875 0.099609375