0 0.306640625 0.3203125 0.134765625 0.1015625
0 0.39453125 0.458984375 0.12890625 0.12109375
0 0.2783203125 0.453125 0.1328125 0.130859375
0 0.310546875 0.541015625 0.099609375 0.05859375
0 0.4130859375 0.5947265625 0.12109375 0.169921875
0 0.5166015625 0.421875 0.15625 0.201171875
0 0.6171875 0.4248046875 0.123046875 0.26171875
0 0.650390625 0.25 0.076171875 0.087890625
0 0.7216796875 0.421875 0.115234375 0.267578125
0 0.78125 0.353515625 0.09375 0.16796875
0 0.751953125 0.59765625 0.0859375 0.177734375
0 0.662109375 0.62109375 0.15234375 0.203125
0 0.544921875 0.58984375 0.068359375 0.091796875
0 0.4052734375 0.716796875 0.107421875 0.171875
0 0.4296875 0.85546875 0.078125 0.09375
0 0.4326171875 0.607421875 0.37890625 0.1640625
0 0.322265625 0.2685546875 0.029296875 0.060546875
0 0.25 0.533203125 0.18359375 0.087890625