0 0.4873046875 0.2294921875 0.1015625 0.076171875
0 0.4404296875 0.2421875 0.1796875 0.189453125
0 0.4736328125 0.3857421875 0.154296875 0.0859375
0 0.353515625 0.4853515625 0.166015625 0.140625
0 0.5947265625 0.5439453125 0.14453125 0.3359375
0 0.6083984375 0.3779296875 0.130859375 0.310546875
0 0.59375 0.1884765625 0.158203125 0.24609375
0 0.67578125 0.23828125 0.123046875 0.267578125
0 0.7265625 0.314453125 0.08984375 0.181640625
0 0.724609375 0.45703125 0.1796875 0.232421875
0 0.728515625 0.6142578125 0.1484375 0.17578125
0 0.69140625 0.7158203125 0.162109375 0.19921875
0 0.59375 0.759765625 0.154296875 0.16796875
0 0.623046875 0.66015625 0.103515625 0.18359375
0 0.5068359375 0.6455078125 0.0625 0.240234375
0 0.474609375 0.669921875 0.08203125 0.044921875