0 0.4072265625 0.41015625 0.275390625 0.232421875
0 0.455078125 0.36328125 0.22265625 0.19921875
0 0.5439453125 0.341796875 0.205078125 0.166015625
0 0.4423828125 0.408203125 0.197265625 0.169921875
0 0.3388671875 0.4873046875 0.146484375 0.17578125
0 0.45703125 0.5185546875 0.181640625 0.07421875
0 0.822265625 0.5732421875 0.1015625 0.134765625
0 0.8701171875 0.5380859375 0.130859375 0.134765625
0 0.7626953125 0.5419921875 0.138671875 0.18359375
0 0.767578125 0.6640625 0.1328125 0.19921875
0 0.390625 0.7587890625 0.09375 0.115234375
0 0.42578125 0.7734375 0.078125 0.12109375