0 0.4736328125 0.2763671875 0.20703125 0.173828125
0 0.396484375 0.3017578125 0.13671875 0.1796875
0 0.3935546875 0.4091796875 0.173828125 0.1640625
0 0.2568359375 0.46484375 0.150390625 0.14453125
0 0.255859375 0.6171875 0.1796875 0.19140625
0 0.279296875 0.7138671875 0.134765625 0.185546875
0 0.3818359375 0.66796875 0.12109375 0.14453125
0 0.3994140625 0.5361328125 0.1328125 0.154296875
0 0.4697265625 0.455078125 0.087890625 0.244140625
0 0.560546875 0.4169921875 0.05859375 0.0625
0 0.6337890625 0.412109375 0.041015625 0.06640625
0 0.611328125 0.517578125 0.06640625 0.064453125
0 0.5771484375 0.60546875 0.048828125 0.083984375
0 0.6689453125 0.6572265625 0.07421875 0.064453125
0 0.3701171875 0.71484375 0.0859375 0.11328125