0 0.498046875 0.1240234375 0.09765625 0.248046875
0 0.43359375 0.203125 0.1328125 0.1328125
0 0.453125 0.3125 0.12890625 0.15234375
0 0.529296875 0.2890625 0.0859375 0.1640625
0 0.6220703125 0.287109375 0.150390625 0.28515625
0 0.6318359375 0.3408203125 0.130859375 0.177734375
0 0.533203125 0.4521484375 0.171875 0.154296875
0 0.5498046875 0.48046875 0.068359375 0.0625
0 0.5947265625 0.5361328125 0.087890625 0.091796875
0 0.5205078125 0.5673828125 0.087890625 0.125
0 0.6572265625 0.63671875 0.072265625 0.15625
0 0.666015625 0.4501953125 0.068359375 0.095703125
0 0.419921875 0.396484375 0.091796875 0.125
0 0.3671875 0.3955078125 0.08203125 0.205078125
0 0.3876953125 0.5302734375 0.111328125 0.05859375
0 0.451171875 0.8369140625 0.12109375 0.181640625
0 0.4482421875 0.630859375 0.041015625 0.046875
0 0.486328125 0.421875 0.16015625 0.3046875