0 0.650390625 0.2392578125 0.09765625 0.216796875
0 0.607421875 0.3857421875 0.078125 0.080078125
0 0.6806640625 0.5673828125 0.044921875 0.064453125
0 0.6015625 0.671875 0.0703125 0.0703125
0 0.6572265625 0.7294921875 0.048828125 0.056640625
0 0.572265625 0.5419921875 0.0546875 0.087890625
0 0.7138671875 0.4677734375 0.08203125 0.158203125
0 0.3984375 0.478515625 0.0625 0.05859375
0 0.5078125 0.361328125 0.1015625 0.1328125
0 0.4814453125 0.8203125 0.078125 0.1171875
0 0.533203125 0.2353515625 0.1171875 0.130859375
0 0.626953125 0.3486328125 0.16015625 0.51953125