0 0.5947265625 0.5244140625 0.119140625 0.12890625
0 0.5224609375 0.5244140625 0.08984375 0.12890625
0 0.361328125 0.6416015625 0.09375 0.1640625
0 0.318359375 0.6767578125 0.12109375 0.103515625
0 0.2333984375 0.5615234375 0.06640625 0.0625
0 0.2587890625 0.484375 0.171875 0.119140625
0 0.3916015625 0.5458984375 0.158203125 0.154296875
0 0.6953125 0.5087890625 0.08203125 0.138671875
0 0.6005859375 0.3486328125 0.263671875 0.12109375
0 0.302734375 0.3759765625 0.189453125 0.099609375
0 0.173828125 0.5302734375 0.083984375 0.140625