0 0.615234375 0.1015625 0.31640625 0.203125
0 0.6552734375 0.09375 0.1875 0.150390625
0 0.86328125 0.232421875 0.2734375 0.25
0 0.55859375 0.2158203125 0.318359375 0.16796875
0 0.5908203125 0.2919921875 0.12109375 0.130859375
0 0.5087890625 0.361328125 0.158203125 0.09375
0 0.541015625 0.439453125 0.078125 0.064453125
0 0.568359375 0.544921875 0.140625 0.140625
0 0.4892578125 0.6103515625 0.056640625 0.07421875
0 0.529296875 0.767578125 0.052734375 0.060546875
0 0.7607421875 0.6923828125 0.10546875 0.1015625
0 0.80078125 0.5009765625 0.1171875 0.193359375
0 0.7060546875 0.435546875 0.36328125 0.296875
0 0.6044921875 0.6513671875 0.193359375 0.16015625
0 0.7861328125 0.7861328125 0.13671875 0.044921875
0 0.4482421875 0.8203125 0.0625 0.111328125
0 0.6064453125 0.6953125 0.19921875 0.330078125
0 0.740234375 0.60546875 0.23828125 0.265625
0 0.224609375 0.298828125 0.07421875 0.154296875
0 0.3515625 0.298828125 0.23046875 0.318359375
0 0.41796875 0.205078125 0.150390625 0.234375
0 0.3310546875 0.140625 0.048828125 0.064453125
0 0.072265625 0.349609375 0.08203125 0.078125
0 0.4072265625 0.5087890625 0.201171875 0.111328125
0 0.419921875 0.6025390625 0.13671875 0.091796875
0 0.4072265625 0.8525390625 0.068359375 0.041015625