0 0.5693359375 0.158203125 0.126953125 0.111328125
0 0.6416015625 0.265625 0.0703125 0.12109375
0 0.5810546875 0.30078125 0.0625 0.0625
0 0.65625 0.4580078125 0.07421875 0.115234375
0 0.662109375 0.560546875 0.04296875 0.09765625
0 0.509765625 0.77734375 0.03515625 0.197265625
0 0.4736328125 0.8896484375 0.037109375 0.16796875
0 0.5283203125 0.533203125 0.01171875 0.3125
0 0.580078125 0.255859375 0.181640625 0.12890625
0 0.6748046875 0.427734375 0.103515625 0.115234375
0 0.5927734375 0.474609375 0.08984375 0.32421875