0 0.1865234375 0.4580078125 0.1875 0.1171875
0 0.16015625 0.4677734375 0.15234375 0.056640625
0 0.5771484375 0.291015625 0.076171875 0.072265625
0 0.6318359375 0.5244140625 0.13671875 0.095703125
0 0.6376953125 0.6220703125 0.095703125 0.15234375
0 0.5625 0.5947265625 0.154296875 0.13671875
0 0.5107421875 0.544921875 0.091796875 0.125
0 0.46875 0.5859375 0.0859375 0.0859375
0 0.439453125 0.623046875 0.09765625 0.107421875
0 0.41015625 0.6494140625 0.099609375 0.080078125
0 0.5380859375 0.65625 0.212890625 0.125