0 0.4501953125 0.1201171875 0.115234375 0.091796875
0 0.57421875 0.1064453125 0.138671875 0.142578125
0 0.6640625 0.1513671875 0.126953125 0.171875
0 0.701171875 0.216796875 0.095703125 0.125
0 0.7587890625 0.2744140625 0.087890625 0.103515625
0 0.7412109375 0.603515625 0.087890625 0.091796875
0 0.7626953125 0.5478515625 0.103515625 0.109375
0 0.595703125 0.814453125 0.064453125 0.31640625
0 0.5380859375 0.822265625 0.09375 0.09765625
0 0.328125 0.6279296875 0.1171875 0.125
0 0.353515625 0.576171875 0.15234375 0.1328125
0 0.291015625 0.3818359375 0.04296875 0.1953125
0 0.365234375 0.2294921875 0.07421875 0.150390625