0 0.359375 0.1689453125 0.228515625 0.158203125
0 0.408203125 0.2919921875 0.083984375 0.150390625
0 0.6533203125 0.0556640625 0.076171875 0.06640625
0 0.56640625 0.24609375 0.0546875 0.078125
0 0.826171875 0.4072265625 0.15234375 0.095703125
0 0.900390625 0.4111328125 0.08203125 0.162109375
0 0.9267578125 0.3115234375 0.0625 0.052734375
0 0.9482421875 0.591796875 0.076171875 0.078125
0 0.8759765625 0.6845703125 0.142578125 0.126953125
0 0.73046875 0.7294921875 0.203125 0.123046875
0 0.703125 0.7177734375 0.1953125 0.10546875
0 0.650390625 0.537109375 0.1640625 0.09765625
0 0.7216796875 0.4775390625 0.142578125 0.091796875
0 0.5244140625 0.4521484375 0.087890625 0.099609375
0 0.4873046875 0.5361328125 0.099609375 0.083984375
0 0.4462890625 0.5908203125 0.126953125 0.087890625
0 0.2060546875 0.474609375 0.185546875 0.08984375
0 0.3125 0.318359375 0.08984375 0.0546875
0 0.0732421875 0.5205078125 0.037109375 0.064453125
0 0.0595703125 0.552734375 0.111328125 0.12890625
0 0.123046875 0.6494140625 0.08203125 0.166015625
0 0.203125 0.611328125 0.12109375 0.08984375
0 0.2705078125 0.6240234375 0.15625 0.126953125
0 0.2138671875 0.7216796875 0.12890625 0.134765625
0 0.216796875 0.7763671875 0.169921875 0.09765625
0 0.357421875 0.7099609375 0.201171875 0.119140625
0 0.3896484375 0.6083984375 0.119140625 0.16796875
0 0.505859375 0.6767578125 0.11328125 0.107421875
0 0.5830078125 0.630859375 0.103515625 0.19140625
0 0.533203125 0.7314453125 0.171875 0.107421875
0 0.6396484375 0.8017578125 0.283203125 0.080078125
0 0.4873046875 0.8203125 0.201171875 0.1171875
0 0.3935546875 0.8212890625 0.173828125 0.130859375
0 0.29296875 0.8681640625 0.142578125 0.087890625
0 0.3720703125 0.9482421875 0.111328125 0.103515625
0 0.419921875 0.8896484375 0.08984375 0.041015625
0 0.6787109375 0.328125 0.056640625 0.0546875
0 0.638671875 0.4560546875 0.107421875 0.083984375
0 0.775390625 0.5751953125 0.44921875 0.185546875
0 0.9462890625 0.447265625 0.107421875 0.076171875