0 0.5517578125 0.1318359375 0.099609375 0.19921875
0 0.5009765625 0.2255859375 0.12109375 0.1171875
0 0.4375 0.29296875 0.142578125 0.146484375
0 0.3447265625 0.3837890625 0.072265625 0.162109375
0 0.4541015625 0.3583984375 0.09375 0.10546875
0 0.509765625 0.3642578125 0.08984375 0.1484375
0 0.55078125 0.255859375 0.1015625 0.197265625
0 0.58984375 0.2939453125 0.09375 0.205078125
0 0.583984375 0.38671875 0.181640625 0.09375
0 0.494140625 0.4638671875 0.12890625 0.1015625
0 0.4326171875 0.4951171875 0.07421875 0.09765625
0 0.4462890625 0.5517578125 0.08984375 0.083984375
0 0.5478515625 0.837890625 0.091796875 0.109375
0 0.60546875 0.525390625 0.060546875 0.044921875
0 0.658203125 0.4921875 0.08203125 0.158203125
0 0.3701171875 0.6376953125 0.076171875 0.06640625