0 0.203125 0.5234375 0.232421875 0.1015625
0 0.3515625 0.439453125 0.310546875 0.13671875
0 0.359375 0.4365234375 0.1796875 0.087890625
0 0.560546875 0.453125 0.0859375 0.095703125
0 0.6640625 0.38671875 0.07421875 0.04296875
0 0.6181640625 0.55078125 0.12890625 0.111328125
0 0.5751953125 0.53515625 0.10546875 0.0703125
0 0.720703125 0.576171875 0.087890625 0.05859375
0 0.8955078125 0.46484375 0.150390625 0.05859375
0 0.44921875 0.56640625 0.076171875 0.072265625
0 0.5185546875 0.640625 0.037109375 0.0625
0 0.2373046875 0.5283203125 0.138671875 0.0390625
0 0.4013671875 0.443359375 0.09375 0.037109375
0 0.869140625 0.501953125 0.068359375 0.03515625