0 0.119140625 0.3310546875 0.16015625 0.115234375
0 0.326171875 0.3662109375 0.1875 0.111328125
0 0.5703125 0.0537109375 0.146484375 0.107421875
0 0.685546875 0.3662109375 0.087890625 0.134765625
0 0.671875 0.51953125 0.115234375 0.044921875
0 0.43359375 0.501953125 0.130859375 0.05859375
0 0.3681640625 0.4228515625 0.068359375 0.044921875
0 0.326171875 0.267578125 0.25390625 0.103515625
0 0.4775390625 0.228515625 0.359375 0.162109375
0 0.6142578125 0.1796875 0.392578125 0.173828125
0 0.7548828125 0.2646484375 0.2890625 0.212890625
0 0.810546875 0.3828125 0.353515625 0.20703125
0 0.8056640625 0.484375 0.388671875 0.146484375
0 0.892578125 0.4326171875 0.037109375 0.04296875
0 0.541015625 0.443359375 0.08203125 0.072265625
0 0.6357421875 0.439453125 0.431640625 0.255859375
0 0.416015625 0.384765625 0.46484375 0.2265625
0 0.400390625 0.591796875 0.203125 0.10546875
0 0.3037109375 0.5849609375 0.1640625 0.080078125
0 0.115234375 0.4619140625 0.220703125 0.16796875
0 0.78515625 0.609375 0.4296875 0.1171875
0 0.6640625 0.9541015625 0.0859375 0.091796875
0 0.333984375 0.7802734375 0.14453125 0.076171875