0 0.359375 0.369140625 0.07421875 0.12890625
0 0.3681640625 0.4697265625 0.103515625 0.111328125
0 0.4111328125 0.5166015625 0.130859375 0.134765625
0 0.611328125 0.4765625 0.083984375 0.1015625
0 0.6328125 0.23828125 0.0625 0.140625
0 0.48828125 0.7451171875 0.1484375 0.11328125
0 0.423828125 0.8291015625 0.068359375 0.087890625
0 0.431640625 0.2861328125 0.08203125 0.076171875
0 0.5087890625 0.3291015625 0.0703125 0.099609375
0 0.5126953125 0.4052734375 0.064453125 0.095703125
0 0.6240234375 0.115234375 0.072265625 0.103515625
0 0.482421875 0.248046875 0.107421875 0.15234375
0 0.4267578125 0.3271484375 0.166015625 0.240234375
0 0.337890625 0.5576171875 0.04296875 0.111328125
0 0.416015625 0.630859375 0.0859375 0.12890625
0 0.580078125 0.50390625 0.146484375 0.14453125
0 0.64453125 0.2548828125 0.142578125 0.103515625
0 0.5009765625 0.7568359375 0.1015625 0.056640625
0 0.556640625 0.400390625 0.0859375 0.05859375
0 0.380859375 0.638671875 0.07421875 0.09765625
0 0.4794921875 0.2119140625 0.095703125 0.162109375
0 0.283203125 0.53125 0.09765625 0.14453125
0 0.5078125 0.546875 0.078125 0.07421875