0 0.48828125 0.4658203125 0.1015625 0.095703125
0 0.568359375 0.4404296875 0.138671875 0.091796875
0 0.7578125 0.4091796875 0.125 0.08203125
0 0.8369140625 0.525390625 0.130859375 0.125
0 0.6123046875 0.6162109375 0.091796875 0.060546875
0 0.654296875 0.5009765625 0.0546875 0.056640625
0 0.2822265625 0.423828125 0.125 0.091796875
0 0.302734375 0.34375 0.099609375 0.095703125
0 0.416015625 0.3740234375 0.111328125 0.052734375
0 0.5556640625 0.2978515625 0.037109375 0.048828125
0 0.373046875 0.5380859375 0.103515625 0.0703125
0 0.251953125 0.556640625 0.1171875 0.07421875
0 0.193359375 0.4208984375 0.1328125 0.1171875
0 0.1435546875 0.4765625 0.234375 0.16015625
0 0.3544921875 0.583984375 0.095703125 0.0703125
0 0.6083984375 0.5546875 0.154296875 0.099609375
0 0.69921875 0.517578125 0.076171875 0.09375
0 0.6201171875 0.5947265625 0.28515625 0.068359375
0 0.4375 0.328125 0.130859375 0.056640625
0 0.828125 0.3828125 0.24609375 0.115234375
0 0.306640625 0.5224609375 0.0859375 0.11328125
0 0.5146484375 0.349609375 0.041015625 0.048828125
0 0.6796875 0.43359375 0.09765625 0.115234375