0 0.1767578125 0.47265625 0.216796875 0.37109375
0 0.26953125 0.7783203125 0.3046875 0.298828125
0 0.341796875 0.8134765625 0.166015625 0.216796875
0 0.3017578125 0.521484375 0.09375 0.265625
0 0.3642578125 0.1064453125 0.15234375 0.1640625
0 0.6767578125 0.041015625 0.05859375 0.08203125
0 0.48828125 0.19921875 0.046875 0.119140625
0 0.6044921875 0.2705078125 0.08984375 0.142578125
0 0.611328125 0.13671875 0.048828125 0.076171875
0 0.75 0.6015625 0.099609375 0.142578125
0 0.869140625 0.59765625 0.11328125 0.126953125
0 0.916015625 0.50390625 0.072265625 0.07421875
0 0.767578125 0.4931640625 0.048828125 0.06640625
0 0.6904296875 0.4150390625 0.068359375 0.044921875
0 0.798828125 0.3056640625 0.046875 0.064453125
0 0.8701171875 0.28125 0.12109375 0.11328125
0 0.4453125 0.357421875 0.083984375 0.15625
0 0.5419921875 0.5283203125 0.0546875 0.123046875
0 0.431640625 0.2294921875 0.42578125 0.24609375
0 0.5654296875 0.0234375 0.140625 0.046875
0 0.8115234375 0.1630859375 0.064453125 0.10546875
0 0.5634765625 0.689453125 0.044921875 0.103515625
0 0.4443359375 0.9375 0.126953125 0.125
0 0.1005859375 0.546875 0.201171875 0.138671875