0 0.513671875 0.294921875 0.08984375 0.072265625
0 0.52734375 0.4013671875 0.119140625 0.138671875
0 0.5654296875 0.537109375 0.09765625 0.111328125
0 0.6328125 0.658203125 0.12890625 0.130859375
0 0.671875 0.708984375 0.09765625 0.09765625
0 0.3798828125 0.6728515625 0.138671875 0.068359375
0 0.5263671875 0.6796875 0.111328125 0.11328125
0 0.4833984375 0.7705078125 0.09375 0.08984375
0 0.5927734375 0.798828125 0.091796875 0.10546875
0 0.4208984375 0.283203125 0.091796875 0.048828125
0 0.369140625 0.5078125 0.109375 0.205078125
0 0.494140625 0.8017578125 0.1328125 0.177734375