0 0.10546875 0.3525390625 0.125 0.115234375
0 0.2021484375 0.36328125 0.095703125 0.15234375
0 0.2578125 0.3046875 0.0859375 0.09765625
0 0.314453125 0.25390625 0.083984375 0.11328125
0 0.4228515625 0.2734375 0.138671875 0.1328125
0 0.505859375 0.306640625 0.091796875 0.16796875
0 0.6064453125 0.3994140625 0.134765625 0.146484375
0 0.6552734375 0.314453125 0.111328125 0.15234375
0 0.591796875 0.2939453125 0.154296875 0.138671875
0 0.7333984375 0.5126953125 0.080078125 0.103515625
0 0.826171875 0.6005859375 0.06640625 0.068359375
0 0.681640625 0.595703125 0.130859375 0.0625
0 0.5654296875 0.58203125 0.177734375 0.142578125
0 0.564453125 0.6767578125 0.15625 0.150390625
0 0.5009765625 0.759765625 0.107421875 0.16015625
0 0.6123046875 0.73046875 0.087890625 0.078125
0 0.453125 0.6474609375 0.134765625 0.138671875
0 0.4111328125 0.513671875 0.201171875 0.171875
0 0.4755859375 0.4521484375 0.263671875 0.19921875
0 0.296875 0.3818359375 0.125 0.162109375
0 0.255859375 0.4736328125 0.1875 0.109375
0 0.1640625 0.484375 0.13671875 0.171875
0 0.203125 0.5986328125 0.09375 0.158203125
0 0.287109375 0.61328125 0.14453125 0.23828125
0 0.376953125 0.7119140625 0.146484375 0.240234375
0 0.59765625 0.759765625 0.1484375 0.052734375
0 0.68359375 0.4638671875 0.07421875 0.220703125
0 0.671875 0.66015625 0.056640625 0.09765625