0 0.5146484375 0.4287109375 0.259765625 0.09765625
0 0.625 0.3896484375 0.302734375 0.06640625
0 0.6494140625 0.4599609375 0.208984375 0.130859375
0 0.6328125 0.47265625 0.11328125 0.0859375
0 0.263671875 0.5341796875 0.091796875 0.12890625
0 0.189453125 0.6376953125 0.15234375 0.119140625
0 0.216796875 0.56640625 0.05859375 0.072265625
0 0.1279296875 0.638671875 0.09375 0.09375
0 0.2666015625 0.7333984375 0.078125 0.072265625
0 0.3046875 0.6875 0.087890625 0.240234375
0 0.455078125 0.7333984375 0.095703125 0.123046875
0 0.455078125 0.7607421875 0.240234375 0.177734375
0 0.33203125 0.4892578125 0.140625 0.08984375
0 0.3564453125 0.56640625 0.068359375 0.125
0 0.53515625 0.48046875 0.169921875 0.1171875
0 0.658203125 0.791015625 0.1640625 0.11328125