0 0.2080078125 0.3017578125 0.296875 0.205078125
0 0.1484375 0.447265625 0.201171875 0.146484375
0 0.2119140625 0.7529296875 0.181640625 0.12890625
0 0.2568359375 0.6181640625 0.123046875 0.091796875
0 0.044921875 0.5615234375 0.080078125 0.1484375
0 0.44140625 0.310546875 0.244140625 0.20703125
0 0.6943359375 0.1181640625 0.1796875 0.09375
0 0.3134765625 0.224609375 0.13671875 0.095703125
0 0.462890625 0.0224609375 0.060546875 0.044921875
0 0.1904296875 0.2841796875 0.111328125 0.111328125
0 0.2294921875 0.6103515625 0.12890625 0.0859375
0 0.330078125 0.791015625 0.072265625 0.052734375
0 0.2333984375 0.24609375 0.05859375 0.150390625
0 0.5419921875 0.3056640625 0.056640625 0.130859375
0 0.556640625 0.06640625 0.154296875 0.072265625