0 0.7470703125 0.4716796875 0.078125 0.12890625
0 0.80078125 0.52734375 0.078125 0.10546875
0 0.66015625 0.5361328125 0.142578125 0.078125
0 0.6494140625 0.466796875 0.060546875 0.0859375
0 0.537109375 0.5068359375 0.134765625 0.162109375
0 0.4833984375 0.5078125 0.14453125 0.130859375
0 0.369140625 0.5234375 0.12890625 0.109375
0 0.283203125 0.53125 0.107421875 0.099609375
0 0.44140625 0.4306640625 0.212890625 0.064453125
0 0.478515625 0.388671875 0.1640625 0.095703125
0 0.5859375 0.3330078125 0.103515625 0.0546875
0 0.30078125 0.669921875 0.0703125 0.140625
0 0.3564453125 0.697265625 0.0546875 0.193359375
0 0.412109375 0.71484375 0.080078125 0.1875
0 0.4287109375 0.71875 0.0625 0.212890625
0 0.515625 0.6708984375 0.12109375 0.14453125
0 0.6201171875 0.6552734375 0.125 0.154296875
0 0.7216796875 0.7021484375 0.107421875 0.171875
0 0.7919921875 0.701171875 0.05078125 0.107421875
0 0.61328125 0.7490234375 0.177734375 0.125
0 0.4970703125 0.7880859375 0.11328125 0.1484375