0 0.2119140625 0.5390625 0.375 0.1328125
0 0.08984375 0.6357421875 0.171875 0.26171875
0 0.232421875 0.705078125 0.275390625 0.21484375
0 0.3857421875 0.7548828125 0.109375 0.068359375
0 0.3759765625 0.8740234375 0.212890625 0.181640625
0 0.5615234375 0.3681640625 0.294921875 0.1484375
0 0.8447265625 0.3779296875 0.24609375 0.140625
0 0.22265625 0.2421875 0.177734375 0.0703125
0 0.2548828125 0.115234375 0.2421875 0.21484375
0 0.294921875 0.376953125 0.263671875 0.345703125
0 0.205078125 0.6162109375 0.322265625 0.380859375
0 0.2255859375 0.9150390625 0.05859375 0.048828125
0 0.5537109375 0.6279296875 0.04296875 0.064453125
0 0.69921875 0.421875 0.6015625 0.337890625
0 0.142578125 0.259765625 0.173828125 0.076171875