0 0.408203125 0.2509765625 0.083984375 0.099609375
0 0.4853515625 0.3046875 0.0703125 0.03125
0 0.5224609375 0.39453125 0.123046875 0.08984375
0 0.1533203125 0.44921875 0.115234375 0.1171875
0 0.240234375 0.5263671875 0.203125 0.130859375
0 0.2626953125 0.4619140625 0.115234375 0.1328125
0 0.3154296875 0.6328125 0.123046875 0.150390625
0 0.2900390625 0.7548828125 0.189453125 0.099609375
0 0.1875 0.7744140625 0.1328125 0.142578125
0 0.1455078125 0.568359375 0.115234375 0.11328125
0 0.1376953125 0.65625 0.109375 0.1171875
0 0.23046875 0.6337890625 0.171875 0.166015625