0 0.69921875 0.4716796875 0.080078125 0.12109375
0 0.6767578125 0.53125 0.091796875 0.08984375
0 0.6513671875 0.4609375 0.044921875 0.05078125
0 0.552734375 0.4423828125 0.09375 0.12109375
0 0.5927734375 0.482421875 0.078125 0.046875
0 0.52734375 0.509765625 0.1171875 0.0390625
0 0.5908203125 0.56640625 0.087890625 0.064453125
0 0.5166015625 0.6025390625 0.111328125 0.09765625
0 0.48046875 0.537109375 0.08203125 0.052734375
0 0.4306640625 0.458984375 0.072265625 0.087890625
0 0.365234375 0.3984375 0.1171875 0.099609375
0 0.2939453125 0.4365234375 0.095703125 0.03515625
0 0.267578125 0.46875 0.13671875 0.080078125
0 0.333984375 0.515625 0.103515625 0.064453125
0 0.3076171875 0.541015625 0.08984375 0.068359375
0 0.3935546875 0.5751953125 0.09375 0.083984375
0 0.404296875 0.515625 0.119140625 0.064453125
0 0.4677734375 0.5966796875 0.083984375 0.083984375
0 0.3798828125 0.50390625 0.294921875 0.193359375
0 0.73828125 0.5146484375 0.1171875 0.048828125
0 0.3876953125 0.3896484375 0.0625 0.04296875
0 0.6552734375 0.5849609375 0.04296875 0.0234375