0 0.4609375 0.32421875 0.041015625 0.09765625
0 0.5595703125 0.3212890625 0.1640625 0.091796875
0 0.4794921875 0.294921875 0.12890625 0.056640625
0 0.6943359375 0.34375 0.13671875 0.111328125
0 0.578125 0.46484375 0.189453125 0.115234375
0 0.5654296875 0.404296875 0.123046875 0.08203125
0 0.6015625 0.625 0.21484375 0.15234375
0 0.6396484375 0.568359375 0.16015625 0.134765625
0 0.75 0.5986328125 0.138671875 0.154296875
0 0.734375 0.662109375 0.09765625 0.103515625
0 0.7734375 0.5244140625 0.162109375 0.173828125
0 0.72265625 0.4140625 0.13671875 0.119140625
0 0.818359375 0.4091796875 0.16015625 0.181640625
0 0.9169921875 0.474609375 0.134765625 0.10546875
0 0.84765625 0.5361328125 0.0703125 0.107421875
0 0.50390625 0.5283203125 0.15625 0.078125
0 0.431640625 0.5146484375 0.1015625 0.046875