0 0.4609375 0.150390625 0.16015625 0.220703125
0 0.228515625 0.451171875 0.052734375 0.080078125
0 0.2548828125 0.595703125 0.095703125 0.125
0 0.478515625 0.259765625 0.32421875 0.099609375
0 0.5615234375 0.4033203125 0.220703125 0.185546875
0 0.5654296875 0.57421875 0.205078125 0.21484375
0 0.5 0.6630859375 0.22265625 0.1875
0 0.6630859375 0.58203125 0.296875 0.23046875
0 0.599609375 0.4755859375 0.09375 0.13671875
0 0.521484375 0.44921875 0.083984375 0.208984375
0 0.423828125 0.34765625 0.08984375 0.103515625
0 0.4736328125 0.5419921875 0.154296875 0.224609375