0 0.142578125 0.40625 0.138671875 0.1171875
0 0.22265625 0.41015625 0.16015625 0.322265625
0 0.3037109375 0.5458984375 0.173828125 0.12890625
0 0.4013671875 0.615234375 0.173828125 0.109375
0 0.5205078125 0.5498046875 0.166015625 0.205078125
0 0.60546875 0.52734375 0.224609375 0.236328125
0 0.681640625 0.474609375 0.15234375 0.2578125
0 0.787109375 0.451171875 0.171875 0.2265625
0 0.865234375 0.3662109375 0.197265625 0.169921875
0 0.744140625 0.2431640625 0.130859375 0.181640625
0 0.68359375 0.23828125 0.146484375 0.255859375
0 0.623046875 0.3056640625 0.240234375 0.48046875
0 0.4814453125 0.2099609375 0.142578125 0.244140625
0 0.427734375 0.2255859375 0.318359375 0.1640625
0 0.3994140625 0.1669921875 0.154296875 0.103515625
0 0.291015625 0.21484375 0.173828125 0.1171875
0 0.443359375 0.3330078125 0.19921875 0.251953125