0 0.07421875 0.5791015625 0.14453125 0.15234375
0 0.0947265625 0.4716796875 0.103515625 0.12109375
0 0.5380859375 0.4365234375 0.091796875 0.181640625
0 0.734375 0.7470703125 0.09765625 0.306640625
0 0.6201171875 0.7548828125 0.12109375 0.130859375
0 0.6259765625 0.8818359375 0.091796875 0.107421875
0 0.5966796875 0.931640625 0.267578125 0.111328125
0 0.626953125 0.7880859375 0.357421875 0.412109375
0 0.2158203125 0.3671875 0.0703125 0.087890625
0 0.30078125 0.8828125 0.07421875 0.083984375
0 0.1484375 0.6904296875 0.076171875 0.09765625