0 0.3134765625 0.35546875 0.091796875 0.119140625
0 0.2451171875 0.408203125 0.130859375 0.119140625
0 0.2060546875 0.4658203125 0.185546875 0.142578125
0 0.1171875 0.509765625 0.1640625 0.14453125
0 0.1640625 0.6376953125 0.0859375 0.12890625
0 0.3154296875 0.7490234375 0.19140625 0.177734375
0 0.5244140625 0.79296875 0.21484375 0.0859375
0 0.703125 0.751953125 0.212890625 0.09375
0 0.8837890625 0.5791015625 0.0703125 0.09375
0 0.671875 0.37890625 0.1796875 0.15625
0 0.9462890625 0.560546875 0.087890625 0.068359375