0 0.7197265625 0.158203125 0.455078125 0.21484375
0 0.6357421875 0.0361328125 0.26953125 0.072265625
0 0.3671875 0.08984375 0.12109375 0.06640625
0 0.3994140625 0.03515625 0.0703125 0.0234375
0 0.529296875 0.58984375 0.08984375 0.078125
0 0.3271484375 0.55859375 0.072265625 0.046875
0 0.2197265625 0.240234375 0.0859375 0.06640625
0 0.708984375 0.3349609375 0.58203125 0.232421875
0 0.4580078125 0.16015625 0.537109375 0.3125
0 0.3359375 0.3349609375 0.150390625 0.087890625
0 0.2216796875 0.744140625 0.283203125 0.26953125
0 0.0732421875 0.298828125 0.06640625 0.087890625
0 0.556640625 0.681640625 0.05078125 0.0625
0 0.6943359375 0.5908203125 0.052734375 0.046875
0 0.8662109375 0.484375 0.103515625 0.0703125