0 0.4111328125 0.13671875 0.125 0.25
0 0.3349609375 0.15625 0.123046875 0.1796875
0 0.3427734375 0.1044921875 0.083984375 0.130859375
0 0.255859375 0.26171875 0.15234375 0.390625
0 0.138671875 0.181640625 0.12109375 0.16796875
0 0.181640625 0.412109375 0.193359375 0.25390625
0 0.0947265625 0.375 0.1328125 0.1328125
0 0.1552734375 0.6533203125 0.162109375 0.435546875
0 0.228515625 0.80078125 0.19140625 0.3359375
0 0.3369140625 0.8271484375 0.142578125 0.16796875
0 0.435546875 0.7265625 0.23046875 0.328125
0 0.4052734375 0.54296875 0.185546875 0.21875
0 0.419921875 0.4189453125 0.27734375 0.439453125
0 0.517578125 0.3291015625 0.1484375 0.373046875
0 0.654296875 0.421875 0.14453125 0.2421875
0 0.619140625 0.5751953125 0.1640625 0.142578125
0 0.7333984375 0.513671875 0.126953125 0.23046875
0 0.7119140625 0.3662109375 0.2578125 0.240234375
0 0.869140625 0.5146484375 0.20703125 0.357421875
0 0.884765625 0.6708984375 0.11328125 0.19921875
0 0.755859375 0.7353515625 0.1875 0.193359375
0 0.6943359375 0.7841796875 0.259765625 0.306640625
0 0.55078125 0.77734375 0.20703125 0.1875