0 0.279296875 0.3232421875 0.103515625 0.080078125
0 0.1689453125 0.3740234375 0.185546875 0.166015625
0 0.083984375 0.4970703125 0.10546875 0.18359375
0 0.12890625 0.5478515625 0.09765625 0.1640625
0 0.59765625 0.32421875 0.115234375 0.111328125
0 0.7431640625 0.4794921875 0.203125 0.0390625
0 0.814453125 0.529296875 0.0390625 0.091796875
0 0.595703125 0.712890625 0.1171875 0.1015625
0 0.22265625 0.642578125 0.0703125 0.126953125
0 0.3330078125 0.708984375 0.126953125 0.09765625
0 0.46484375 0.4912109375 0.361328125 0.033203125
0 0.234375 0.3974609375 0.091796875 0.05859375
0 0.931640625 0.484375 0.07421875 0.072265625