0 0.314453125 0.5556640625 0.240234375 0.712890625
0 0.33203125 0.244140625 0.126953125 0.078125
0 0.3046875 0.5791015625 0.21875 0.568359375
0 0.3583984375 0.8095703125 0.134765625 0.169921875
0 0.3193359375 0.5244140625 0.185546875 0.228515625
0 0.515625 0.7626953125 0.05078125 0.083984375
0 0.595703125 0.7314453125 0.099609375 0.064453125
0 0.548828125 0.6142578125 0.0703125 0.048828125
0 0.62890625 0.3505859375 0.0703125 0.048828125
0 0.458984375 0.4365234375 0.08984375 0.072265625
0 0.6484375 0.5498046875 0.08984375 0.060546875
0 0.3388671875 0.6396484375 0.119140625 0.224609375