0 0.4697265625 0.4208984375 0.103515625 0.115234375
0 0.5361328125 0.365234375 0.18359375 0.10546875
0 0.6240234375 0.39453125 0.1484375 0.1484375
0 0.748046875 0.4052734375 0.18359375 0.119140625
0 0.8525390625 0.4501953125 0.123046875 0.09765625
0 0.775390625 0.501953125 0.1328125 0.091796875
0 0.798828125 0.5517578125 0.08203125 0.109375
0 0.71484375 0.4921875 0.076171875 0.064453125
0 0.748046875 0.5888671875 0.080078125 0.125
0 0.5341796875 0.626953125 0.12890625 0.08203125
0 0.328125 0.3701171875 0.177734375 0.033203125
0 0.353515625 0.453125 0.048828125 0.076171875
0 0.2470703125 0.3935546875 0.06640625 0.046875
0 0.3037109375 0.5322265625 0.076171875 0.048828125