0 0.833984375 0.34765625 0.283203125 0.115234375
0 0.55859375 0.150390625 0.166015625 0.1328125
0 0.4423828125 0.205078125 0.2265625 0.16015625
0 0.4013671875 0.2421875 0.271484375 0.126953125
0 0.7783203125 0.236328125 0.2890625 0.193359375
0 0.6064453125 0.2890625 0.17578125 0.181640625
0 0.568359375 0.06640625 0.123046875 0.115234375
0 0.125 0.3857421875 0.158203125 0.150390625
0 0.0439453125 0.423828125 0.068359375 0.083984375
0 0.2060546875 0.478515625 0.06640625 0.041015625
0 0.615234375 0.755859375 0.126953125 0.09765625
0 0.58203125 0.86328125 0.115234375 0.1015625
0 0.5302734375 0.9248046875 0.064453125 0.064453125
0 0.955078125 0.458984375 0.08984375 0.171875
0 0.8212890625 0.41015625 0.146484375 0.109375
0 0.4072265625 0.3232421875 0.126953125 0.072265625
0 0.2900390625 0.3173828125 0.34375 0.13671875
0 0.3916015625 0.455078125 0.169921875 0.11328125
0 0.5634765625 0.533203125 0.1484375 0.07421875
0 0.0341796875 0.615234375 0.068359375 0.2265625
0 0.279296875 0.6259765625 0.189453125 0.041015625
0 0.431640625 0.689453125 0.052734375 0.04296875
0 0.47265625 0.7626953125 0.046875 0.064453125
0 0.3408203125 0.9091796875 0.1796875 0.083984375
0 0.1494140625 0.5556640625 0.0625 0.17578125
0 0.2666015625 0.482421875 0.26171875 0.138671875
0 0.240234375 0.419921875 0.48046875 0.490234375