0 0.3037109375 0.6171875 0.1953125 0.43359375
0 0.3740234375 0.76171875 0.212890625 0.4453125
0 0.404296875 0.8623046875 0.126953125 0.142578125
0 0.4609375 0.7490234375 0.197265625 0.1171875
0 0.591796875 0.7109375 0.123046875 0.130859375
0 0.2978515625 0.283203125 0.1171875 0.16796875
0 0.3017578125 0.41796875 0.162109375 0.138671875
0 0.26171875 0.6103515625 0.115234375 0.15234375
0 0.4130859375 0.5673828125 0.11328125 0.259765625
0 0.431640625 0.359375 0.14453125 0.392578125
0 0.5849609375 0.69921875 0.20703125 0.20703125
0 0.5537109375 0.861328125 0.115234375 0.09375
0 0.359375 0.37109375 0.19921875 0.224609375
0 0.654296875 0.564453125 0.115234375 0.1171875
0 0.5751953125 0.3359375 0.08984375 0.109375
0 0.5703125 0.56640625 0.111328125 0.146484375