0 0.16796875 0.55078125 0.1796875 0.10546875
0 0.2646484375 0.5302734375 0.123046875 0.115234375
0 0.2451171875 0.6552734375 0.083984375 0.142578125
0 0.30859375 0.67578125 0.1015625 0.1796875
0 0.361328125 0.7333984375 0.0703125 0.162109375
0 0.4375 0.7734375 0.109375 0.166015625
0 0.4970703125 0.708984375 0.134765625 0.16015625
0 0.552734375 0.7939453125 0.10546875 0.171875
0 0.59375 0.677734375 0.11328125 0.12890625
0 0.689453125 0.6748046875 0.130859375 0.12890625
0 0.673828125 0.767578125 0.140625 0.10546875
0 0.7783203125 0.7041015625 0.091796875 0.1484375
0 0.8154296875 0.6328125 0.12890625 0.1328125
0 0.9052734375 0.6611328125 0.07421875 0.080078125
0 0.7890625 0.544921875 0.134765625 0.109375
0 0.689453125 0.5 0.11328125 0.1484375
0 0.6669921875 0.5732421875 0.16015625 0.134765625
0 0.5439453125 0.5595703125 0.146484375 0.220703125
0 0.560546875 0.4697265625 0.19140625 0.1484375
0 0.4208984375 0.4482421875 0.126953125 0.111328125
0 0.357421875 0.486328125 0.201171875 0.12109375
0 0.2548828125 0.4873046875 0.119140625 0.056640625
0 0.412109375 0.560546875 0.26171875 0.169921875