0 0.5380859375 0.1572265625 0.072265625 0.1328125
0 0.564453125 0.2578125 0.083984375 0.12890625
0 0.6142578125 0.2939453125 0.056640625 0.115234375
0 0.529296875 0.5185546875 0.107421875 0.22265625
0 0.470703125 0.7294921875 0.0859375 0.16796875
0 0.6455078125 0.36328125 0.060546875 0.119140625
0 0.640625 0.5673828125 0.056640625 0.17578125
0 0.609375 0.67578125 0.080078125 0.11328125
0 0.5400390625 0.6953125 0.09765625 0.244140625
0 0.490234375 0.8564453125 0.041015625 0.158203125
0 0.4033203125 0.619140625 0.0546875 0.189453125
0 0.4365234375 0.513671875 0.07421875 0.349609375
0 0.388671875 0.517578125 0.048828125 0.302734375
0 0.44921875 0.392578125 0.083984375 0.267578125
0 0.5224609375 0.375 0.14453125 0.376953125
0 0.59375 0.4111328125 0.150390625 0.3359375