0 0.3720703125 0.2177734375 0.21875 0.0859375
0 0.134765625 0.408203125 0.083984375 0.095703125
0 0.326171875 0.63671875 0.146484375 0.162109375
0 0.642578125 0.236328125 0.236328125 0.1328125
0 0.837890625 0.3798828125 0.095703125 0.15234375
0 0.853515625 0.5126953125 0.18359375 0.13671875
0 0.916015625 0.4921875 0.12890625 0.150390625
0 0.7841796875 0.6005859375 0.19140625 0.169921875
0 0.6953125 0.6396484375 0.15234375 0.10546875
0 0.3271484375 0.3330078125 0.07421875 0.08984375
0 0.2958984375 0.5146484375 0.1015625 0.09375