0 0.484375 0.470703125 0.103515625 0.06640625
0 0.36328125 0.298828125 0.109375 0.083984375
0 0.42578125 0.2685546875 0.10546875 0.09765625
0 0.4111328125 0.197265625 0.181640625 0.138671875
0 0.4970703125 0.1328125 0.203125 0.203125
0 0.552734375 0.2548828125 0.138671875 0.091796875
0 0.5478515625 0.3203125 0.197265625 0.09375
0 0.5693359375 0.3740234375 0.09375 0.08984375
0 0.568359375 0.46484375 0.0390625 0.0703125
0 0.6181640625 0.599609375 0.138671875 0.201171875
0 0.470703125 0.5859375 0.111328125 0.119140625
0 0.4345703125 0.7548828125 0.087890625 0.099609375
0 0.5341796875 0.8349609375 0.09765625 0.1640625
0 0.509765625 0.6787109375 0.146484375 0.06640625
0 0.306640625 0.546875 0.060546875 0.078125
0 0.3466796875 0.4814453125 0.072265625 0.111328125
0 0.3779296875 0.4453125 0.126953125 0.138671875
0 0.37890625 0.662109375 0.0859375 0.07421875
0 0.412109375 0.88671875 0.12109375 0.154296875
0 0.546875 0.5888671875 0.109375 0.150390625
0 0.318359375 0.341796875 0.099609375 0.111328125
0 0.6376953125 0.556640625 0.068359375 0.19140625