0 0.0986328125 0.1318359375 0.130859375 0.091796875
0 0.224609375 0.216796875 0.15234375 0.296875
0 0.3828125 0.2470703125 0.234375 0.169921875
0 0.5234375 0.2509765625 0.2265625 0.232421875
0 0.6650390625 0.287109375 0.107421875 0.1484375
0 0.6640625 0.1845703125 0.203125 0.205078125
0 0.3896484375 0.1171875 0.208984375 0.2109375
0 0.494140625 0.130859375 0.2109375 0.13671875
0 0.5576171875 0.068359375 0.203125 0.13671875
0 0.689453125 0.1279296875 0.162109375 0.201171875
0 0.810546875 0.2265625 0.1875 0.28515625
0 0.884765625 0.353515625 0.115234375 0.23046875
0 0.787109375 0.3759765625 0.1328125 0.119140625
0 0.6953125 0.466796875 0.16015625 0.19140625
0 0.5380859375 0.4013671875 0.181640625 0.263671875
0 0.404296875 0.40234375 0.16015625 0.23828125
0 0.2451171875 0.3369140625 0.166015625 0.259765625
0 0.2431640625 0.0654296875 0.251953125 0.130859375