0 0.279296875 0.5908203125 0.134765625 0.12890625
0 0.2392578125 0.5166015625 0.19921875 0.150390625
0 0.2236328125 0.4140625 0.123046875 0.154296875
0 0.30859375 0.40625 0.13671875 0.23046875
0 0.3759765625 0.3955078125 0.080078125 0.138671875
0 0.4853515625 0.3798828125 0.111328125 0.1015625
0 0.62109375 0.412109375 0.052734375 0.1015625
0 0.4443359375 0.548828125 0.18359375 0.18359375
0 0.4599609375 0.625 0.06640625 0.10546875
0 0.3828125 0.66015625 0.13671875 0.107421875
0 0.556640625 0.6552734375 0.095703125 0.07421875
0 0.564453125 0.712890625 0.162109375 0.09375
0 0.1416015625 0.4990234375 0.205078125 0.158203125
0 0.6494140625 0.630859375 0.0390625 0.060546875
0 0.435546875 0.537109375 0.09375 0.13671875
0 0.4443359375 0.3251953125 0.15625 0.095703125