0 0.400390625 0.49609375 0.26171875 0.390625
0 0.484375 0.57421875 0.09765625 0.158203125
0 0.6044921875 0.59375 0.197265625 0.306640625
0 0.6611328125 0.458984375 0.134765625 0.12890625
0 0.6435546875 0.3916015625 0.146484375 0.099609375
0 0.78125 0.58203125 0.1640625 0.16015625
0 0.71875 0.7041015625 0.181640625 0.1484375
0 0.615234375 0.806640625 0.326171875 0.1796875
0 0.4482421875 0.7626953125 0.353515625 0.271484375
0 0.2900390625 0.771484375 0.3046875 0.279296875
0 0.171875 0.630859375 0.21484375 0.203125
0 0.0810546875 0.623046875 0.162109375 0.08203125
0 0.2548828125 0.5654296875 0.337890625 0.201171875
0 0.2548828125 0.4404296875 0.298828125 0.177734375