0 0.4755859375 0.27734375 0.15625 0.08203125
0 0.578125 0.2431640625 0.09765625 0.0625
0 0.6357421875 0.2880859375 0.048828125 0.041015625
0 0.7548828125 0.283203125 0.111328125 0.078125
0 0.69140625 0.42578125 0.119140625 0.1015625
0 0.693359375 0.419921875 0.408203125 0.044921875
0 0.3857421875 0.4189453125 0.1953125 0.056640625
0 0.244140625 0.2900390625 0.140625 0.083984375
0 0.3662109375 0.3046875 0.115234375 0.076171875
0 0.8642578125 0.31640625 0.1171875 0.099609375
0 0.7021484375 0.533203125 0.150390625 0.095703125
0 0.5849609375 0.5380859375 0.154296875 0.09765625
0 0.4140625 0.6015625 0.2890625 0.09765625
0 0.662109375 0.615234375 0.283203125 0.099609375
0 0.8291015625 0.5439453125 0.103515625 0.109375
0 0.326171875 0.4716796875 0.087890625 0.0546875