0 0.48046875 0.548828125 0.1640625 0.2109375
0 0.28515625 0.5947265625 0.1484375 0.1015625
0 0.353515625 0.587890625 0.15625 0.18359375
0 0.5732421875 0.5283203125 0.173828125 0.21875
0 0.6103515625 0.630859375 0.1015625 0.078125
0 0.6650390625 0.4892578125 0.1796875 0.3125
0 0.802734375 0.4658203125 0.140625 0.291015625
0 0.8798828125 0.40625 0.119140625 0.234375
0 0.939453125 0.4619140625 0.083984375 0.091796875
0 0.7978515625 0.287109375 0.056640625 0.1015625
0 0.728515625 0.2783203125 0.11328125 0.240234375
0 0.6494140625 0.263671875 0.080078125 0.19921875
0 0.58203125 0.2783203125 0.1015625 0.310546875
0 0.5166015625 0.330078125 0.158203125 0.33203125
0 0.396484375 0.306640625 0.08203125 0.24609375
0 0.3212890625 0.328125 0.052734375 0.1328125
0 0.2646484375 0.2919921875 0.033203125 0.041015625
0 0.2353515625 0.369140625 0.064453125 0.109375
0 0.2041015625 0.4658203125 0.095703125 0.060546875
0 0.1708984375 0.515625 0.091796875 0.0703125
0 0.1728515625 0.5244140625 0.185546875 0.119140625
0 0.2392578125 0.4521484375 0.25 0.220703125
0 0.3037109375 0.3671875 0.23046875 0.25390625
0 0.419921875 0.326171875 0.310546875 0.30859375