0 0.505859375 0.0791015625 0.0546875 0.1171875
0 0.5654296875 0.2529296875 0.0703125 0.23046875
0 0.6025390625 0.3623046875 0.076171875 0.248046875
0 0.5703125 0.4208984375 0.078125 0.18359375
0 0.5908203125 0.5009765625 0.123046875 0.134765625
0 0.4775390625 0.2734375 0.115234375 0.162109375
0 0.4521484375 0.212890625 0.138671875 0.09375
0 0.4814453125 0.216796875 0.111328125 0.171875
0 0.548828125 0.47265625 0.07421875 0.357421875
0 0.5576171875 0.7021484375 0.099609375 0.126953125
0 0.37890625 0.80078125 0.0546875 0.078125
0 0.3505859375 0.64453125 0.107421875 0.140625
0 0.427734375 0.5419921875 0.07421875 0.09375
0 0.4541015625 0.46875 0.052734375 0.072265625
0 0.515625 0.5576171875 0.064453125 0.2109375
0 0.484375 0.728515625 0.072265625 0.087890625
0 0.43359375 0.72265625 0.041015625 0.10546875
0 0.615234375 0.6005859375 0.080078125 0.181640625
0 0.369140625 0.2568359375 0.078125 0.09765625
0 0.318359375 0.5224609375 0.0703125 0.107421875