0 0.5537109375 0.21484375 0.091796875 0.130859375
0 0.4619140625 0.146484375 0.119140625 0.1328125
0 0.455078125 0.234375 0.16796875 0.12109375
0 0.39453125 0.322265625 0.072265625 0.154296875
0 0.380859375 0.4296875 0.087890625 0.212890625
0 0.4296875 0.4365234375 0.1640625 0.140625
0 0.453125 0.322265625 0.0859375 0.134765625
0 0.5576171875 0.28515625 0.130859375 0.060546875
0 0.630859375 0.4677734375 0.076171875 0.10546875
0 0.42578125 0.5498046875 0.119140625 0.103515625
0 0.4091796875 0.6298828125 0.130859375 0.087890625
0 0.375 0.751953125 0.0703125 0.109375