0 0.501953125 0.271484375 0.1875 0.1953125
0 0.337890625 0.2919921875 0.25390625 0.201171875
0 0.634765625 0.3681640625 0.28125 0.169921875
0 0.72265625 0.4375 0.1171875 0.17578125
0 0.8037109375 0.2490234375 0.267578125 0.146484375
0 0.81640625 0.333984375 0.109375 0.07421875
0 0.6767578125 0.162109375 0.251953125 0.2421875
0 0.5849609375 0.2724609375 0.123046875 0.177734375
0 0.533203125 0.1328125 0.36328125 0.2578125
0 0.296875 0.14453125 0.2890625 0.234375
0 0.3232421875 0.033203125 0.123046875 0.06640625
0 0.19140625 0.208984375 0.2734375 0.21484375
0 0.1025390625 0.291015625 0.205078125 0.15234375
0 0.248046875 0.4296875 0.310546875 0.23046875
0 0.4775390625 0.466796875 0.3984375 0.16015625