0 0.501953125 0.10546875 0.109375 0.2109375
0 0.361328125 0.697265625 0.171875 0.263671875
0 0.4384765625 0.7451171875 0.1484375 0.318359375
0 0.46484375 0.916015625 0.0625 0.115234375
0 0.521484375 0.68359375 0.103515625 0.25
0 0.57421875 0.5654296875 0.103515625 0.162109375
0 0.5908203125 0.4833984375 0.13671875 0.095703125
0 0.4375 0.494140625 0.052734375 0.150390625
0 0.3662109375 0.521484375 0.115234375 0.1484375
0 0.3330078125 0.3427734375 0.037109375 0.109375
0 0.4296875 0.1787109375 0.109375 0.181640625
0 0.59375 0.3974609375 0.09765625 0.2890625
0 0.4599609375 0.681640625 0.330078125 0.52734375