0 0.2099609375 0.416015625 0.107421875 0.1484375
0 0.298828125 0.505859375 0.12109375 0.22265625
0 0.4013671875 0.5205078125 0.140625 0.21484375
0 0.4794921875 0.5126953125 0.1015625 0.224609375
0 0.5654296875 0.6005859375 0.115234375 0.193359375
0 0.6015625 0.4833984375 0.1875 0.12109375
0 0.6943359375 0.5986328125 0.126953125 0.2109375
0 0.703125 0.4736328125 0.103515625 0.146484375
0 0.7783203125 0.5595703125 0.12109375 0.173828125
0 0.80078125 0.4794921875 0.123046875 0.1484375
0 0.869140625 0.5458984375 0.08203125 0.18359375
0 0.9130859375 0.48046875 0.173828125 0.189453125
0 0.333984375 0.3173828125 0.1484375 0.1484375
0 0.453125 0.296875 0.142578125 0.1484375
0 0.6279296875 0.2705078125 0.12109375 0.08203125
0 0.6923828125 0.3916015625 0.4140625 0.095703125
0 0.5546875 0.3125 0.142578125 0.201171875
0 0.3583984375 0.3251953125 0.162109375 0.103515625
0 0.166015625 0.38671875 0.1484375 0.07421875