0 0.5966796875 0.162109375 0.380859375 0.32421875
0 0.822265625 0.3154296875 0.35546875 0.318359375
0 0.5693359375 0.45703125 0.326171875 0.109375
0 0.4482421875 0.642578125 0.162109375 0.265625
0 0.3037109375 0.78515625 0.298828125 0.140625
0 0.77734375 0.5673828125 0.421875 0.166015625
0 0.689453125 0.7109375 0.390625 0.2421875
0 0.4658203125 0.8486328125 0.267578125 0.205078125
0 0.251953125 0.5546875 0.36328125 0.400390625
0 0.43359375 0.310546875 0.5 0.22265625
0 0.330078125 0.1904296875 0.26953125 0.138671875
0 0.1796875 0.35546875 0.30859375 0.306640625
0 0.052734375 0.5556640625 0.10546875 0.376953125
0 0.8798828125 0.3515625 0.146484375 0.23828125