0 0.4482421875 0.3515625 0.072265625 0.111328125
0 0.5166015625 0.357421875 0.083984375 0.16015625
0 0.482421875 0.4921875 0.068359375 0.10546875
0 0.5048828125 0.623046875 0.046875 0.087890625
0 0.5078125 0.7998046875 0.056640625 0.13671875
0 0.4892578125 0.8486328125 0.052734375 0.107421875
0 0.412109375 0.625 0.064453125 0.087890625
0 0.533203125 0.1591796875 0.0625 0.08984375
0 0.4892578125 0.33984375 0.044921875 0.248046875
0 0.4658203125 0.666015625 0.046875 0.337890625
0 0.4189453125 0.4609375 0.07421875 0.181640625
0 0.541015625 0.548828125 0.05078125 0.271484375
0 0.576171875 0.44140625 0.095703125 0.517578125
0 0.5615234375 0.7392578125 0.0625 0.15625
0 0.4453125 0.48046875 0.16015625 0.373046875
0 0.4384765625 0.78125 0.0703125 0.2265625