0 0.53125 0.1845703125 0.099609375 0.216796875
0 0.4296875 0.1640625 0.09375 0.134765625
0 0.4306640625 0.3369140625 0.11328125 0.2421875
0 0.3994140625 0.41796875 0.115234375 0.109375
0 0.5205078125 0.4150390625 0.099609375 0.1796875
0 0.548828125 0.36328125 0.103515625 0.130859375
0 0.4931640625 0.59375 0.09765625 0.224609375
0 0.4599609375 0.7255859375 0.11328125 0.166015625
0 0.4287109375 0.748046875 0.099609375 0.123046875
0 0.5625 0.728515625 0.099609375 0.150390625
0 0.53125 0.826171875 0.15625 0.197265625
0 0.5087890625 0.908203125 0.125 0.18359375
0 0.6083984375 0.5244140625 0.09765625 0.203125
0 0.6064453125 0.4140625 0.1015625 0.162109375
0 0.5888671875 0.6884765625 0.14453125 0.3046875
0 0.412109375 0.53515625 0.083984375 0.169921875
0 0.3935546875 0.591796875 0.12890625 0.314453125