0 0.3876953125 0.1240234375 0.279296875 0.076171875
0 0.439453125 0.087890625 0.09765625 0.06640625
0 0.302734375 0.2080078125 0.337890625 0.13671875
0 0.1005859375 0.3154296875 0.12109375 0.1328125
0 0.39453125 0.4384765625 0.212890625 0.173828125
0 0.32421875 0.3388671875 0.337890625 0.193359375
0 0.2412109375 0.5439453125 0.435546875 0.2734375
0 0.3037109375 0.5986328125 0.29296875 0.125
0 0.896484375 0.4541015625 0.115234375 0.052734375
0 0.5830078125 0.39453125 0.2109375 0.345703125
0 0.3896484375 0.677734375 0.341796875 0.392578125
0 0.33203125 0.5126953125 0.494140625 0.74609375
0 0.580078125 0.921875 0.126953125 0.1328125
0 0.5107421875 0.0693359375 0.0859375 0.138671875