0 0.208984375 0.3583984375 0.05859375 0.0703125
0 0.376953125 0.2919921875 0.06640625 0.037109375
0 0.451171875 0.3349609375 0.046875 0.09375
0 0.5712890625 0.34765625 0.130859375 0.140625
0 0.703125 0.3974609375 0.228515625 0.203125
0 0.7607421875 0.4560546875 0.146484375 0.17578125
0 0.865234375 0.48046875 0.142578125 0.1640625
0 0.734375 0.54296875 0.205078125 0.15234375
0 0.6279296875 0.57421875 0.1953125 0.20703125
0 0.5478515625 0.6279296875 0.095703125 0.068359375
0 0.5732421875 0.458984375 0.130859375 0.087890625
0 0.658203125 0.6259765625 0.0546875 0.115234375
0 0.5712890625 0.498046875 0.216796875 0.14453125