0 0.48828125 0.208984375 0.154296875 0.19921875
0 0.4072265625 0.3125 0.09375 0.333984375
0 0.404296875 0.4658203125 0.173828125 0.294921875
0 0.4755859375 0.6103515625 0.107421875 0.201171875
0 0.5244140625 0.642578125 0.181640625 0.287109375
0 0.5947265625 0.7021484375 0.1328125 0.216796875
0 0.63671875 0.5546875 0.150390625 0.23046875
0 0.681640625 0.626953125 0.068359375 0.0859375
0 0.751953125 0.5927734375 0.05078125 0.1015625
0 0.568359375 0.3037109375 0.095703125 0.072265625
0 0.5693359375 0.4736328125 0.154296875 0.28515625
0 0.4951171875 0.17578125 0.068359375 0.130859375
0 0.529296875 0.12109375 0.1328125 0.123046875