0 0.4296875 0.2939453125 0.15625 0.15234375
0 0.537109375 0.2568359375 0.20703125 0.14453125
0 0.689453125 0.2841796875 0.236328125 0.23046875
0 0.7646484375 0.3154296875 0.208984375 0.21875
0 0.611328125 0.376953125 0.13671875 0.1484375
0 0.4873046875 0.375 0.181640625 0.140625
0 0.29296875 0.2841796875 0.185546875 0.095703125
0 0.2421875 0.37109375 0.154296875 0.08984375
0 0.490234375 0.40234375 0.3671875 0.103515625
0 0.7802734375 0.4208984375 0.310546875 0.08203125
0 0.7470703125 0.513671875 0.08203125 0.08984375
0 0.736328125 0.591796875 0.078125 0.099609375
0 0.568359375 0.48046875 0.197265625 0.056640625
0 0.341796875 0.45703125 0.201171875 0.11328125
0 0.2548828125 0.4248046875 0.15625 0.080078125
0 0.603515625 0.5869140625 0.029296875 0.130859375
0 0.556640625 0.6279296875 0.052734375 0.083984375
0 0.712890625 0.3154296875 0.072265625 0.09375