0 0.48046875 0.2099609375 0.16796875 0.083984375
0 0.580078125 0.259765625 0.15234375 0.166015625
0 0.720703125 0.3056640625 0.17578125 0.171875
0 0.8125 0.3251953125 0.201171875 0.154296875
0 0.78515625 0.4267578125 0.10546875 0.126953125
0 0.693359375 0.4775390625 0.181640625 0.138671875
0 0.5986328125 0.5283203125 0.15625 0.181640625
0 0.5029296875 0.5224609375 0.265625 0.177734375
0 0.453125 0.5380859375 0.083984375 0.068359375
0 0.392578125 0.5478515625 0.20703125 0.09765625
0 0.3916015625 0.552734375 0.294921875 0.2109375
0 0.2939453125 0.58203125 0.119140625 0.125
0 0.2255859375 0.5107421875 0.076171875 0.142578125
0 0.533203125 0.294921875 0.056640625 0.05078125
0 0.578125 0.39453125 0.15625 0.0625