0 0.0751953125 0.2998046875 0.109375 0.119140625
0 0.388671875 0.4892578125 0.291015625 0.119140625
0 0.310546875 0.564453125 0.373046875 0.150390625
0 0.2958984375 0.712890625 0.263671875 0.19140625
0 0.4384765625 0.724609375 0.15625 0.23046875
0 0.53515625 0.6416015625 0.181640625 0.423828125
0 0.677734375 0.6396484375 0.205078125 0.3046875
0 0.7685546875 0.6806640625 0.208984375 0.21875
0 0.67578125 0.798828125 0.224609375 0.173828125
0 0.6025390625 0.9287109375 0.134765625 0.142578125
0 0.1025390625 0.5009765625 0.201171875 0.23046875
0 0.2412109375 0.4150390625 0.248046875 0.21484375
0 0.265625 0.3388671875 0.3359375 0.197265625
0 0.423828125 0.337890625 0.21875 0.2890625
0 0.3896484375 0.1171875 0.255859375 0.06640625
0 0.529296875 0.0966796875 0.2109375 0.103515625
0 0.5859375 0.33203125 0.130859375 0.404296875
0 0.6806640625 0.41015625 0.134765625 0.154296875
0 0.9677734375 0.5634765625 0.056640625 0.169921875