0 0.6513671875 0.470703125 0.11328125 0.12109375
0 0.6328125 0.3505859375 0.0625 0.158203125
0 0.63671875 0.2744140625 0.0859375 0.162109375
0 0.7041015625 0.2529296875 0.064453125 0.158203125
0 0.744140625 0.2666015625 0.09375 0.177734375
0 0.779296875 0.29296875 0.046875 0.19140625
0 0.8388671875 0.3876953125 0.048828125 0.126953125
0 0.837890625 0.474609375 0.0390625 0.08984375
0 0.740234375 0.4384765625 0.12109375 0.255859375
0 0.71484375 0.6328125 0.06640625 0.16796875
0 0.634765625 0.5224609375 0.1171875 0.123046875
0 0.6005859375 0.4794921875 0.12109375 0.197265625
0 0.59375 0.3671875 0.0546875 0.0703125
0 0.5986328125 0.6328125 0.119140625 0.140625
0 0.666015625 0.658203125 0.078125 0.21484375
0 0.6806640625 0.84765625 0.087890625 0.11328125
0 0.75 0.1513671875 0.103515625 0.224609375