0 0.5693359375 0.1328125 0.068359375 0.171875
0 0.5322265625 0.2255859375 0.181640625 0.138671875
0 0.5419921875 0.1787109375 0.09765625 0.064453125
0 0.6328125 0.3056640625 0.1640625 0.162109375
0 0.67578125 0.3837890625 0.09765625 0.166015625
0 0.7099609375 0.4921875 0.037109375 0.1328125
0 0.4833984375 0.3203125 0.185546875 0.1640625
0 0.4326171875 0.4033203125 0.115234375 0.080078125
0 0.498046875 0.443359375 0.107421875 0.15625
0 0.5341796875 0.4765625 0.111328125 0.2421875
0 0.5849609375 0.44921875 0.099609375 0.25
0 0.6171875 0.5908203125 0.0546875 0.095703125
0 0.6640625 0.5234375 0.046875 0.072265625
0 0.6708984375 0.6796875 0.060546875 0.09765625
0 0.46484375 0.5439453125 0.140625 0.078125
0 0.380859375 0.513671875 0.076171875 0.169921875
0 0.4619140625 0.8369140625 0.083984375 0.119140625
0 0.46875 0.7529296875 0.0625 0.060546875