0 0.7109375 0.638671875 0.07421875 0.0859375
0 0.74609375 0.47265625 0.029296875 0.046875
0 0.314453125 0.5478515625 0.271484375 0.388671875
0 0.31640625 0.5576171875 0.232421875 0.28125
0 0.3671875 0.6142578125 0.06640625 0.048828125
0 0.22265625 0.3154296875 0.041015625 0.04296875
0 0.5146484375 0.177734375 0.1484375 0.056640625
0 0.4658203125 0.56640625 0.111328125 0.208984375
0 0.431640625 0.7412109375 0.0546875 0.0546875
0 0.5400390625 0.21484375 0.146484375 0.05078125
0 0.322265625 0.5732421875 0.0546875 0.033203125