0 0.08203125 0.3828125 0.09765625 0.1640625
0 0.41796875 0.439453125 0.142578125 0.099609375
0 0.3505859375 0.2822265625 0.115234375 0.072265625
0 0.318359375 0.0888671875 0.154296875 0.083984375
0 0.1767578125 0.2236328125 0.087890625 0.103515625
0 0.4677734375 0.0712890625 0.060546875 0.103515625
0 0.3154296875 0.546875 0.134765625 0.09765625
0 0.111328125 0.5458984375 0.076171875 0.09375
0 0.14453125 0.6513671875 0.126953125 0.115234375
0 0.154296875 0.7685546875 0.11328125 0.060546875
0 0.181640625 0.8759765625 0.10546875 0.134765625
0 0.6376953125 0.7021484375 0.083984375 0.080078125
0 0.9189453125 0.6640625 0.140625 0.1171875
0 0.9765625 0.576171875 0.046875 0.140625
0 0.8193359375 0.7685546875 0.13671875 0.068359375
0 0.3076171875 0.818359375 0.193359375 0.091796875
0 0.6748046875 0.4833984375 0.412109375 0.646484375
0 0.8359375 0.48828125 0.328125 0.55078125
0 0.4619140625 0.1484375 0.365234375 0.2109375
0 0.2587890625 0.2998046875 0.322265625 0.416015625
0 0.22265625 0.552734375 0.3359375 0.59375
0 0.4052734375 0.6669921875 0.21484375 0.412109375
0 0.275390625 0.8671875 0.255859375 0.181640625