0 0.4404296875 0.0830078125 0.134765625 0.15625
0 0.4775390625 0.16015625 0.048828125 0.078125
0 0.51171875 0.2705078125 0.064453125 0.12109375
0 0.4814453125 0.365234375 0.095703125 0.091796875
0 0.431640625 0.3515625 0.0859375 0.08203125
0 0.375 0.3115234375 0.10546875 0.11328125
0 0.3251953125 0.158203125 0.05859375 0.078125
0 0.3857421875 0.466796875 0.083984375 0.2109375
0 0.41796875 0.5595703125 0.037109375 0.11328125
0 0.4990234375 0.6435546875 0.060546875 0.13671875
0 0.4951171875 0.5078125 0.10546875 0.232421875
0 0.431640625 0.572265625 0.16015625 0.30859375
0 0.369140625 0.3349609375 0.169921875 0.375
0 0.455078125 0.298828125 0.21875 0.51171875