0 0.6005859375 0.6650390625 0.115234375 0.1328125
0 0.4912109375 0.7919921875 0.083984375 0.111328125
0 0.4755859375 0.6220703125 0.07421875 0.09375
0 0.5322265625 0.34375 0.076171875 0.0703125
0 0.6357421875 0.36328125 0.041015625 0.0625
0 0.619140625 0.5341796875 0.06640625 0.06640625
0 0.4560546875 0.1591796875 0.126953125 0.314453125
0 0.5810546875 0.2392578125 0.115234375 0.189453125
0 0.4140625 0.33203125 0.109375 0.25
0 0.4013671875 0.51953125 0.16015625 0.23046875
0 0.4140625 0.6923828125 0.09765625 0.087890625
0 0.53125 0.4892578125 0.078125 0.171875
0 0.5908203125 0.787109375 0.046875 0.060546875
0 0.46875 0.7294921875 0.25390625 0.248046875
0 0.568359375 0.4619140625 0.234375 0.291015625