0 0.3359375 0.109375 0.126953125 0.111328125
0 0.5576171875 0.0517578125 0.12109375 0.103515625
0 0.4970703125 0.212890625 0.078125 0.09765625
0 0.4775390625 0.3203125 0.08203125 0.080078125
0 0.451171875 0.3857421875 0.095703125 0.05078125
0 0.7666015625 0.6220703125 0.248046875 0.125
0 0.822265625 0.7451171875 0.228515625 0.125
0 0.5517578125 0.3759765625 0.150390625 0.16015625
0 0.6728515625 0.228515625 0.21875 0.076171875
0 0.791015625 0.3818359375 0.314453125 0.189453125
0 0.7958984375 0.30859375 0.283203125 0.21875
0 0.9736328125 0.5107421875 0.052734375 0.130859375
0 0.849609375 0.494140625 0.087890625 0.0625
0 0.9375 0.533203125 0.08203125 0.083984375
0 0.4296875 0.076171875 0.130859375 0.041015625