0 0.4677734375 0.1533203125 0.068359375 0.232421875
0 0.53515625 0.265625 0.1328125 0.11328125
0 0.40625 0.296875 0.08203125 0.1875
0 0.3740234375 0.35546875 0.080078125 0.140625
0 0.330078125 0.4462890625 0.1015625 0.126953125
0 0.4970703125 0.4111328125 0.181640625 0.076171875
0 0.517578125 0.345703125 0.193359375 0.11328125
0 0.3359375 0.521484375 0.07421875 0.06640625
0 0.46484375 0.4677734375 0.095703125 0.095703125
0 0.5546875 0.564453125 0.09375 0.13671875
0 0.595703125 0.515625 0.09765625 0.09375
0 0.626953125 0.8544921875 0.04296875 0.044921875
0 0.630859375 0.9033203125 0.08984375 0.126953125
0 0.5205078125 0.70703125 0.056640625 0.095703125
0 0.4619140625 0.599609375 0.068359375 0.08203125
0 0.447265625 0.5185546875 0.18359375 0.162109375
0 0.392578125 0.60546875 0.09375 0.15234375
0 0.369140625 0.6494140625 0.08984375 0.212890625
0 0.4248046875 0.7138671875 0.083984375 0.091796875
0 0.6171875 0.7509765625 0.041015625 0.056640625
0 0.5361328125 0.8017578125 0.068359375 0.064453125
0 0.515625 0.8828125 0.046875 0.0390625
0 0.66015625 0.4443359375 0.0546875 0.048828125