0 0.09765625 0.5859375 0.1953125 0.3671875
0 0.3115234375 0.2197265625 0.142578125 0.08203125
0 0.2666015625 0.35546875 0.322265625 0.216796875
0 0.298828125 0.71875 0.236328125 0.537109375
0 0.5 0.642578125 0.224609375 0.59375
0 0.6826171875 0.7255859375 0.09375 0.205078125
0 0.6484375 0.48046875 0.076171875 0.09765625
0 0.775390625 0.53125 0.099609375 0.06640625
0 0.8642578125 0.4375 0.111328125 0.1171875
0 0.3759765625 0.0732421875 0.138671875 0.13671875
0 0.802734375 0.744140625 0.115234375 0.107421875
0 0.3037109375 0.6708984375 0.083984375 0.275390625
0 0.2919921875 0.376953125 0.123046875 0.05859375
0 0.54296875 0.5341796875 0.107421875 0.146484375
0 0.0771484375 0.5791015625 0.087890625 0.158203125