0 0.4384765625 0.5556640625 0.0703125 0.087890625
0 0.505859375 0.509765625 0.103515625 0.078125
0 0.52734375 0.59375 0.11328125 0.0859375
0 0.625 0.5625 0.078125 0.134765625
0 0.6806640625 0.474609375 0.119140625 0.134765625
0 0.732421875 0.5673828125 0.0390625 0.052734375
0 0.798828125 0.5146484375 0.09375 0.08203125
0 0.9033203125 0.59375 0.15234375 0.08984375
0 0.861328125 0.6650390625 0.126953125 0.068359375
0 0.7431640625 0.71875 0.15234375 0.083984375
0 0.62109375 0.70703125 0.091796875 0.048828125
0 0.53125 0.6904296875 0.103515625 0.09375
0 0.482421875 0.7578125 0.158203125 0.0859375
0 0.611328125 0.7880859375 0.12890625 0.091796875
0 0.365234375 0.70703125 0.095703125 0.126953125
0 0.3056640625 0.7275390625 0.119140625 0.107421875
0 0.2021484375 0.6953125 0.181640625 0.1171875
0 0.1240234375 0.6123046875 0.078125 0.08203125
0 0.181640625 0.5107421875 0.13671875 0.064453125
0 0.2890625 0.48828125 0.08984375 0.064453125
0 0.3427734375 0.4423828125 0.13671875 0.0390625
0 0.4609375 0.4052734375 0.111328125 0.029296875
0 0.3076171875 0.5634765625 0.068359375 0.04296875
0 0.478515625 0.66015625 0.154296875 0.13671875
0 0.6279296875 0.6279296875 0.046875 0.068359375