0 0.4599609375 0.03125 0.162109375 0.0625
0 0.4033203125 0.0888671875 0.103515625 0.10546875
0 0.515625 0.0966796875 0.1484375 0.099609375
0 0.62890625 0.208984375 0.080078125 0.09765625
0 0.5966796875 0.5126953125 0.1796875 0.1171875
0 0.357421875 0.6533203125 0.16796875 0.236328125
0 0.2607421875 0.611328125 0.130859375 0.140625
0 0.1953125 0.7275390625 0.11328125 0.119140625
0 0.12109375 0.60546875 0.1484375 0.154296875
0 0.0791015625 0.5078125 0.087890625 0.08984375
0 0.0478515625 0.619140625 0.05859375 0.193359375
0 0.125 0.7119140625 0.158203125 0.07421875
0 0.3349609375 0.70703125 0.140625 0.09375
0 0.88671875 0.6787109375 0.087890625 0.05859375
0 0.955078125 0.3857421875 0.064453125 0.052734375
0 0.107421875 0.2841796875 0.060546875 0.080078125
0 0.2978515625 0.134765625 0.056640625 0.02734375
0 0.2275390625 0.599609375 0.384765625 0.369140625