0 0.2998046875 0.34765625 0.125 0.115234375
0 0.345703125 0.3115234375 0.1484375 0.2109375
0 0.423828125 0.2900390625 0.099609375 0.21484375
0 0.509765625 0.2060546875 0.15234375 0.083984375
0 0.54296875 0.3173828125 0.1484375 0.19140625
0 0.64453125 0.3017578125 0.06640625 0.130859375
0 0.708984375 0.2890625 0.080078125 0.150390625
0 0.7724609375 0.3173828125 0.0859375 0.1328125
0 0.2900390625 0.4892578125 0.130859375 0.134765625
0 0.4169921875 0.4833984375 0.1640625 0.169921875
0 0.5419921875 0.484375 0.109375 0.109375
0 0.6318359375 0.490234375 0.087890625 0.158203125
0 0.736328125 0.51171875 0.138671875 0.17578125
0 0.8076171875 0.4833984375 0.09765625 0.095703125
0 0.4462890625 0.6025390625 0.1484375 0.09375
0 0.5888671875 0.6669921875 0.0625 0.06640625
0 0.623046875 0.55078125 0.0546875 0.078125