0 0.1142578125 0.376953125 0.205078125 0.08203125
0 0.2470703125 0.310546875 0.181640625 0.26171875
0 0.4033203125 0.314453125 0.177734375 0.20703125
0 0.49609375 0.3837890625 0.1640625 0.185546875
0 0.615234375 0.2958984375 0.18359375 0.283203125
0 0.6396484375 0.38671875 0.19921875 0.234375
0 0.7744140625 0.4560546875 0.1171875 0.123046875
0 0.7724609375 0.3662109375 0.130859375 0.189453125
0 0.634765625 0.279296875 0.26953125 0.2265625
0 0.423828125 0.1748046875 0.26953125 0.283203125
0 0.3125 0.1533203125 0.14453125 0.111328125
0 0.16796875 0.4736328125 0.3046875 0.21875
0 0.244140625 0.5556640625 0.28515625 0.287109375
0 0.4404296875 0.5869140625 0.111328125 0.1796875
0 0.4990234375 0.5283203125 0.248046875 0.298828125
0 0.6142578125 0.546875 0.177734375 0.23046875
0 0.6669921875 0.58984375 0.115234375 0.12890625