0 0.2060546875 0.3896484375 0.201171875 0.10546875
0 0.369140625 0.31640625 0.111328125 0.119140625
0 0.4267578125 0.3046875 0.017578125 0.177734375
0 0.4462890625 0.275390625 0.0859375 0.15234375
0 0.494140625 0.46484375 0.388671875 0.171875
0 0.61328125 0.5400390625 0.310546875 0.236328125
0 0.4482421875 0.5673828125 0.208984375 0.21484375
0 0.287109375 0.4931640625 0.19921875 0.17578125
0 0.7451171875 0.4873046875 0.138671875 0.205078125
0 0.8798828125 0.5419921875 0.15234375 0.18359375
0 0.646484375 0.2236328125 0.140625 0.052734375
0 0.5615234375 0.3798828125 0.1640625 0.154296875
0 0.744140625 0.6279296875 0.216796875 0.08984375
0 0.572265625 0.259765625 0.099609375 0.103515625
0 0.7421875 0.3603515625 0.177734375 0.095703125