0 0.2509765625 0.7626953125 0.09375 0.09375
0 0.3623046875 0.73046875 0.095703125 0.083984375
0 0.24609375 0.822265625 0.150390625 0.123046875
0 0.037109375 0.6064453125 0.0703125 0.099609375
0 0.091796875 0.33984375 0.1328125 0.130859375
0 0.2666015625 0.189453125 0.12890625 0.080078125
0 0.3515625 0.30859375 0.08203125 0.078125
0 0.4609375 0.076171875 0.0703125 0.06640625
0 0.5361328125 0.0400390625 0.109375 0.064453125
0 0.576171875 0.310546875 0.107421875 0.234375
0 0.693359375 0.3203125 0.16796875 0.33203125
0 0.7685546875 0.201171875 0.10546875 0.11328125
0 0.8427734375 0.3212890625 0.134765625 0.06640625
0 0.8857421875 0.3974609375 0.228515625 0.072265625
0 0.8486328125 0.466796875 0.294921875 0.091796875
0 0.697265625 0.505859375 0.291015625 0.1484375
0 0.923828125 0.5615234375 0.15234375 0.1875
0 0.572265625 0.546875 0.12109375 0.1328125
0 0.6171875 0.6552734375 0.173828125 0.109375
0 0.7822265625 0.654296875 0.2734375 0.169921875
0 0.7177734375 0.755859375 0.16796875 0.130859375
0 0.658203125 0.8515625 0.11328125 0.1015625
0 0.7841796875 0.5302734375 0.240234375 0.259765625
0 0.5654296875 0.4658203125 0.103515625 0.078125