0 0.2646484375 0.4814453125 0.12109375 0.0625
0 0.2607421875 0.607421875 0.162109375 0.142578125
0 0.287109375 0.7412109375 0.228515625 0.109375
0 0.244140625 0.7919921875 0.173828125 0.12890625
0 0.1171875 0.60546875 0.03515625 0.05859375
0 0.228515625 0.22265625 0.08984375 0.181640625
0 0.208984375 0.3603515625 0.056640625 0.080078125
0 0.0537109375 0.4658203125 0.10546875 0.087890625
0 0.90234375 0.228515625 0.09375 0.140625
0 0.67578125 0.2900390625 0.0546875 0.09375
0 0.76953125 0.314453125 0.078125 0.095703125
0 0.7861328125 0.50390625 0.083984375 0.109375
0 0.923828125 0.384765625 0.107421875 0.1484375
0 0.9755859375 0.359375 0.048828125 0.21875
0 0.88671875 0.4853515625 0.12109375 0.140625
0 0.85546875 0.5986328125 0.15625 0.12890625
0 0.7861328125 0.67578125 0.169921875 0.2265625
0 0.869140625 0.654296875 0.064453125 0.1171875
0 0.7353515625 0.7294921875 0.20703125 0.24609375
0 0.6396484375 0.7548828125 0.103515625 0.146484375
0 0.7216796875 0.8955078125 0.193359375 0.171875
0 0.591796875 0.96875 0.060546875 0.0625
0 0.638671875 0.0498046875 0.068359375 0.07421875
0 0.6533203125 0.15625 0.068359375 0.103515625
0 0.5537109375 0.1162109375 0.07421875 0.123046875
0 0.3095703125 0.1396484375 0.087890625 0.099609375
0 0.5439453125 0.5068359375 0.076171875 0.060546875
0 0.419921875 0.564453125 0.0859375 0.068359375
0 0.6240234375 0.2763671875 0.05078125 0.14453125
0 0.5390625 0.619140625 0.08203125 0.111328125
0 0.4404296875 0.65625 0.07421875 0.107421875
0 0.4951171875 0.3828125 0.05859375 0.07421875
0 0.578125 0.4150390625 0.08203125 0.130859375
0 0.6611328125 0.6064453125 0.109375 0.14453125