0 0.7333984375 0.2626953125 0.236328125 0.166015625
0 0.6865234375 0.15234375 0.064453125 0.078125
0 0.431640625 0.416015625 0.28125 0.19921875
0 0.5634765625 0.4296875 0.095703125 0.1328125
0 0.771484375 0.7421875 0.20703125 0.3046875
0 0.587890625 0.646484375 0.109375 0.14453125
0 0.28515625 0.451171875 0.3984375 0.23828125
0 0.5009765625 0.248046875 0.150390625 0.16015625
0 0.3779296875 0.240234375 0.251953125 0.17578125
0 0.2265625 0.259765625 0.322265625 0.1875
0 0.095703125 0.4931640625 0.19140625 0.185546875
0 0.150390625 0.44140625 0.30078125 0.2109375
0 0.16015625 0.642578125 0.23046875 0.193359375
0 0.1025390625 0.63671875 0.1640625 0.11328125
0 0.2724609375 0.6513671875 0.169921875 0.123046875
0 0.94921875 0.4306640625 0.08984375 0.091796875
0 0.5126953125 0.9267578125 0.052734375 0.0625