0 0.3154296875 0.390625 0.05078125 0.064453125
0 0.3388671875 0.4560546875 0.064453125 0.044921875
0 0.3466796875 0.576171875 0.076171875 0.173828125
0 0.3779296875 0.62109375 0.087890625 0.130859375
0 0.443359375 0.5625 0.1015625 0.1171875
0 0.517578125 0.5615234375 0.109375 0.22265625
0 0.607421875 0.56640625 0.072265625 0.11328125
0 0.654296875 0.537109375 0.09375 0.111328125
0 0.6611328125 0.6455078125 0.1015625 0.10546875
0 0.595703125 0.697265625 0.134765625 0.125
0 0.498046875 0.7119140625 0.12109375 0.087890625
0 0.4208984375 0.740234375 0.126953125 0.095703125
0 0.451171875 0.7861328125 0.06640625 0.087890625
0 0.521484375 0.7978515625 0.087890625 0.095703125
0 0.587890625 0.7802734375 0.0703125 0.1015625
0 0.4833984375 0.837890625 0.10546875 0.154296875