0 0.455078125 0.0712890625 0.14453125 0.142578125
0 0.3583984375 0.150390625 0.123046875 0.11328125
0 0.470703125 0.1826171875 0.1796875 0.107421875
0 0.62890625 0.2109375 0.1484375 0.0859375
0 0.5888671875 0.2646484375 0.197265625 0.138671875
0 0.451171875 0.271484375 0.15234375 0.1171875
0 0.349609375 0.2529296875 0.15625 0.130859375
0 0.2529296875 0.2373046875 0.099609375 0.146484375
0 0.208984375 0.2861328125 0.15234375 0.130859375
0 0.1796875 0.34375 0.234375 0.1484375
0 0.1181640625 0.431640625 0.1796875 0.12890625
0 0.396484375 0.740234375 0.09765625 0.13671875
0 0.4375 0.892578125 0.15234375 0.1015625
0 0.5029296875 0.6728515625 0.048828125 0.1171875
0 0.802734375 0.4736328125 0.09375 0.158203125
0 0.7255859375 0.482421875 0.150390625 0.08984375
0 0.734375 0.6220703125 0.125 0.123046875
0 0.9541015625 0.6708984375 0.072265625 0.068359375
0 0.705078125 0.81640625 0.0625 0.0390625
0 0.8125 0.8505859375 0.046875 0.060546875
0 0.6357421875 0.908203125 0.166015625 0.10546875
0 0.880859375 0.328125 0.044921875 0.078125
0 0.75390625 0.521484375 0.27734375 0.42578125
0 0.408203125 0.23828125 0.6171875 0.25
0 0.5458984375 0.7685546875 0.115234375 0.361328125