0 0.2470703125 0.3115234375 0.08984375 0.083984375
0 0.2421875 0.224609375 0.064453125 0.060546875
0 0.4501953125 0.2255859375 0.091796875 0.0859375
0 0.5537109375 0.1533203125 0.08203125 0.072265625
0 0.560546875 0.2119140625 0.1015625 0.0859375
0 0.5498046875 0.28125 0.091796875 0.060546875
0 0.5244140625 0.3701171875 0.078125 0.048828125
0 0.4541015625 0.4609375 0.119140625 0.078125
0 0.4619140625 0.56640625 0.056640625 0.09375
0 0.4755859375 0.6171875 0.076171875 0.0546875
0 0.796875 0.6796875 0.083984375 0.150390625
0 0.9130859375 0.625 0.109375 0.123046875
0 0.6259765625 0.5009765625 0.138671875 0.08984375
0 0.5927734375 0.64453125 0.234375 0.27734375
0 0.677734375 0.671875 0.154296875 0.263671875
0 0.6201171875 0.8310546875 0.326171875 0.166015625
0 0.0673828125 0.6611328125 0.134765625 0.10546875
0 0.2177734375 0.462890625 0.16015625 0.111328125
0 0.267578125 0.6279296875 0.30078125 0.158203125
0 0.37109375 0.576171875 0.306640625 0.2890625
0 0.4140625 0.3642578125 0.166015625 0.34375
0 0.3125 0.400390625 0.146484375 0.185546875
0 0.115234375 0.7353515625 0.197265625 0.1640625
0 0.2216796875 0.7802734375 0.126953125 0.208984375
0 0.3564453125 0.833984375 0.193359375 0.26171875
0 0.3828125 0.912109375 0.330078125 0.17578125
0 0.3896484375 0.2998046875 0.275390625 0.2734375
0 0.1689453125 0.505859375 0.1484375 0.12890625
0 0.466796875 0.1708984375 0.0859375 0.05859375