0 0.48046875 0.185546875 0.154296875 0.162109375
0 0.5595703125 0.1552734375 0.10546875 0.150390625
0 0.5849609375 0.26171875 0.06640625 0.080078125
0 0.3916015625 0.3623046875 0.046875 0.103515625
0 0.5322265625 0.51171875 0.109375 0.087890625
0 0.560546875 0.4130859375 0.115234375 0.119140625
0 0.630859375 0.59375 0.056640625 0.0859375
0 0.671875 0.7041015625 0.064453125 0.130859375
0 0.6298828125 0.673828125 0.05859375 0.0703125
0 0.5751953125 0.7158203125 0.076171875 0.146484375
0 0.462890625 0.6259765625 0.041015625 0.109375
0 0.4423828125 0.5234375 0.033203125 0.046875
0 0.6328125 0.806640625 0.056640625 0.099609375
0 0.5 0.3193359375 0.08984375 0.10546875
0 0.46484375 0.4111328125 0.060546875 0.05859375
0 0.435546875 0.6943359375 0.1171875 0.208984375
0 0.52734375 0.7958984375 0.103515625 0.197265625
0 0.71484375 0.4951171875 0.068359375 0.130859375
0 0.396484375 0.43359375 0.083984375 0.169921875
0 0.431640625 0.30078125 0.09765625 0.158203125
0 0.5634765625 0.9033203125 0.146484375 0.193359375
0 0.544921875 0.6201171875 0.09765625 0.216796875
0 0.5498046875 0.33203125 0.130859375 0.12109375