0 0.541015625 0.142578125 0.078125 0.146484375
0 0.591796875 0.259765625 0.0859375 0.166015625
0 0.5439453125 0.3212890625 0.064453125 0.091796875
0 0.673828125 0.560546875 0.064453125 0.087890625
0 0.646484375 0.6474609375 0.0546875 0.0546875
0 0.6376953125 0.3623046875 0.14453125 0.1953125
0 0.6650390625 0.3955078125 0.10546875 0.173828125
0 0.59375 0.4375 0.126953125 0.1640625
0 0.494140625 0.3994140625 0.12109375 0.12890625
0 0.423828125 0.3642578125 0.177734375 0.181640625
0 0.4228515625 0.474609375 0.12109375 0.130859375
0 0.359375 0.2998046875 0.17578125 0.16796875
0 0.3896484375 0.2392578125 0.162109375 0.12890625
0 0.5009765625 0.2197265625 0.20703125 0.205078125
0 0.548828125 0.224609375 0.1484375 0.2890625
0 0.71484375 0.6328125 0.03125 0.05078125
0 0.34765625 0.44921875 0.091796875 0.19140625