0 0.4033203125 0.6171875 0.107421875 0.296875
0 0.458984375 0.390625 0.07421875 0.111328125
0 0.623046875 0.2021484375 0.111328125 0.15625
0 0.650390625 0.392578125 0.123046875 0.1640625
0 0.517578125 0.7080078125 0.091796875 0.2734375
0 0.4716796875 0.8603515625 0.146484375 0.25390625
0 0.58203125 0.7626953125 0.0859375 0.212890625
0 0.412109375 0.458984375 0.095703125 0.169921875
0 0.5546875 0.5380859375 0.154296875 0.158203125
0 0.4580078125 0.29296875 0.046875 0.080078125
0 0.5166015625 0.6787109375 0.048828125 0.07421875
0 0.4150390625 0.642578125 0.068359375 0.10546875
0 0.666015625 0.408203125 0.068359375 0.068359375
0 0.6171875 0.2021484375 0.064453125 0.087890625
0 0.4609375 0.66796875 0.228515625 0.62109375