0 0.4931640625 0.1875 0.09765625 0.244140625
0 0.5595703125 0.361328125 0.103515625 0.234375
0 0.5673828125 0.54296875 0.07421875 0.181640625
0 0.546875 0.2421875 0.02734375 0.0859375
0 0.4033203125 0.4775390625 0.107421875 0.244140625
0 0.451171875 0.3232421875 0.078125 0.11328125
0 0.40625 0.3515625 0.111328125 0.103515625
0 0.486328125 0.5078125 0.0703125 0.341796875
0 0.4296875 0.61328125 0.064453125 0.1875
0 0.419921875 0.6630859375 0.099609375 0.18359375
0 0.453125 0.7646484375 0.0859375 0.08984375
0 0.515625 0.6962890625 0.083984375 0.189453125
0 0.5556640625 0.658203125 0.080078125 0.130859375
0 0.4794921875 0.185546875 0.083984375 0.150390625