0 0.7177734375 0.4140625 0.181640625 0.1015625
0 0.9375 0.6640625 0.10546875 0.181640625
0 0.74609375 0.8203125 0.171875 0.21875
0 0.7900390625 0.9375 0.1015625 0.072265625
0 0.3330078125 0.2265625 0.236328125 0.19140625
0 0.4765625 0.232421875 0.15234375 0.1640625
0 0.5859375 0.220703125 0.3984375 0.30078125
0 0.71875 0.15625 0.353515625 0.2734375
0 0.6728515625 0.0439453125 0.146484375 0.087890625
0 0.849609375 0.2314453125 0.265625 0.369140625
0 0.8193359375 0.4599609375 0.330078125 0.400390625
0 0.6953125 0.583984375 0.37890625 0.34765625
0 0.4501953125 0.564453125 0.490234375 0.40234375
0 0.2978515625 0.505859375 0.564453125 0.50390625
0 0.1904296875 0.30859375 0.189453125 0.203125
0 0.22265625 0.5751953125 0.4296875 0.408203125
0 0.3994140625 0.8037109375 0.404296875 0.271484375
0 0.6650390625 0.8154296875 0.556640625 0.369140625
0 0.96875 0.76171875 0.0625 0.220703125
0 0.205078125 0.5478515625 0.37890625 0.185546875