0 0.42578125 0.0498046875 0.15625 0.099609375
0 0.5341796875 0.21875 0.302734375 0.22265625
0 0.2265625 0.3125 0.390625 0.3203125
0 0.3369140625 0.1572265625 0.189453125 0.072265625
0 0.466796875 0.5322265625 0.24609375 0.087890625
0 0.48046875 0.673828125 0.455078125 0.15234375
0 0.1591796875 0.708984375 0.162109375 0.09765625
0 0.8271484375 0.865234375 0.060546875 0.04296875
0 0.5625 0.3984375 0.2421875 0.1171875
0 0.2685546875 0.5224609375 0.154296875 0.068359375
0 0.0966796875 0.5166015625 0.193359375 0.080078125