0 0.1640625 0.4794921875 0.146484375 0.05859375
0 0.2470703125 0.4833984375 0.06640625 0.234375
0 0.302734375 0.4765625 0.08203125 0.287109375
0 0.3779296875 0.3701171875 0.1015625 0.099609375
0 0.44140625 0.4482421875 0.076171875 0.158203125
0 0.5439453125 0.4638671875 0.1484375 0.142578125
0 0.654296875 0.3974609375 0.16796875 0.107421875
0 0.7314453125 0.5 0.201171875 0.076171875
0 0.7041015625 0.560546875 0.0625 0.126953125
0 0.3701171875 0.45703125 0.177734375 0.162109375
0 0.4814453125 0.5693359375 0.279296875 0.138671875
0 0.6142578125 0.552734375 0.146484375 0.119140625
0 0.53125 0.38671875 0.255859375 0.12890625
0 0.78125 0.4580078125 0.107421875 0.14453125
0 0.8681640625 0.4912109375 0.13671875 0.0859375