0 0.5859375 0.16015625 0.115234375 0.099609375
0 0.5048828125 0.2783203125 0.185546875 0.21875
0 0.4423828125 0.2880859375 0.083984375 0.05078125
0 0.4208984375 0.2685546875 0.171875 0.076171875
0 0.2890625 0.4150390625 0.0546875 0.08984375
0 0.3212890625 0.57421875 0.107421875 0.169921875
0 0.466796875 0.6103515625 0.126953125 0.126953125
0 0.44140625 0.541015625 0.1171875 0.087890625
0 0.490234375 0.4619140625 0.142578125 0.171875
0 0.51953125 0.6650390625 0.048828125 0.201171875
0 0.4775390625 0.728515625 0.107421875 0.1484375
0 0.369140625 0.6923828125 0.046875 0.048828125
0 0.4580078125 0.814453125 0.080078125 0.068359375
0 0.6142578125 0.7763671875 0.177734375 0.08203125
0 0.681640625 0.671875 0.23046875 0.138671875
0 0.7255859375 0.5791015625 0.16796875 0.150390625
0 0.80859375 0.5263671875 0.099609375 0.173828125
0 0.7138671875 0.4599609375 0.12109375 0.150390625
0 0.640625 0.498046875 0.1171875 0.189453125
0 0.67578125 0.3837890625 0.078125 0.09765625
0 0.7255859375 0.3642578125 0.16015625 0.234375
0 0.7626953125 0.267578125 0.13671875 0.1953125
0 0.705078125 0.23828125 0.126953125 0.08203125