0 0.5439453125 0.1240234375 0.056640625 0.064453125
0 0.607421875 0.185546875 0.080078125 0.10546875
0 0.5947265625 0.2783203125 0.099609375 0.087890625
0 0.658203125 0.3046875 0.060546875 0.09375
0 0.544921875 0.470703125 0.115234375 0.08203125
0 0.5703125 0.57421875 0.083984375 0.12109375
0 0.384765625 0.603515625 0.046875 0.072265625
0 0.466796875 0.82421875 0.115234375 0.16015625
0 0.4990234375 0.615234375 0.056640625 0.119140625
0 0.5810546875 0.7470703125 0.0390625 0.1328125
0 0.6318359375 0.5322265625 0.017578125 0.0703125
0 0.7041015625 0.5517578125 0.05078125 0.0703125
0 0.4658203125 0.3642578125 0.0390625 0.107421875
0 0.478515625 0.251953125 0.1640625 0.1796875
0 0.421875 0.369140625 0.08984375 0.087890625
0 0.4130859375 0.5634765625 0.119140625 0.162109375
0 0.439453125 0.4765625 0.0390625 0.060546875
0 0.619140625 0.41796875 0.0625 0.2265625
0 0.67578125 0.4228515625 0.02734375 0.158203125
0 0.4931640625 0.7021484375 0.080078125 0.083984375
0 0.439453125 0.58984375 0.0859375 0.169921875
0 0.5654296875 0.8544921875 0.09765625 0.169921875
0 0.62109375 0.673828125 0.048828125 0.087890625
0 0.5712890625 0.09765625 0.08203125 0.171875
0 0.4453125 0.69140625 0.154296875 0.2109375