0 0.373046875 0.57421875 0.1171875 0.126953125
0 0.369140625 0.6298828125 0.052734375 0.072265625
0 0.5068359375 0.4326171875 0.072265625 0.048828125
0 0.5947265625 0.40625 0.0546875 0.06640625
0 0.7421875 0.3310546875 0.025390625 0.056640625
0 0.720703125 0.443359375 0.06640625 0.076171875
0 0.3681640625 0.3564453125 0.044921875 0.076171875
0 0.5 0.6240234375 0.14453125 0.18359375
0 0.654296875 0.66015625 0.26953125 0.33203125
0 0.71484375 0.67578125 0.1015625 0.203125
0 0.6240234375 0.6650390625 0.123046875 0.193359375
0 0.8369140625 0.619140625 0.166015625 0.28515625
0 0.9189453125 0.673828125 0.119140625 0.19921875
0 0.1416015625 0.509765625 0.037109375 0.0625