0 0.6943359375 0.40625 0.119140625 0.1328125
0 0.5302734375 0.310546875 0.080078125 0.12109375
0 0.6416015625 0.591796875 0.123046875 0.109375
0 0.322265625 0.369140625 0.15234375 0.07421875
0 0.2099609375 0.3818359375 0.095703125 0.068359375
0 0.126953125 0.3955078125 0.146484375 0.111328125
0 0.30859375 0.3330078125 0.18359375 0.146484375
0 0.4111328125 0.259765625 0.15625 0.09765625
0 0.3583984375 0.2724609375 0.099609375 0.056640625
0 0.5341796875 0.236328125 0.119140625 0.0859375
0 0.6162109375 0.2587890625 0.091796875 0.134765625
0 0.685546875 0.28515625 0.107421875 0.14453125
0 0.7578125 0.3525390625 0.0859375 0.115234375
0 0.791015625 0.423828125 0.08984375 0.09765625
0 0.8642578125 0.4580078125 0.126953125 0.138671875
0 0.79296875 0.498046875 0.12109375 0.09765625
0 0.7236328125 0.5166015625 0.138671875 0.115234375
0 0.6962890625 0.5908203125 0.1484375 0.0625
0 0.54296875 0.578125 0.1484375 0.12890625
0 0.5205078125 0.45703125 0.166015625 0.142578125
0 0.59765625 0.435546875 0.18359375 0.169921875
0 0.458984375 0.4140625 0.248046875 0.1640625
0 0.4638671875 0.337890625 0.115234375 0.09765625
0 0.390625 0.501953125 0.16796875 0.2265625
0 0.44140625 0.578125 0.142578125 0.08984375
0 0.2939453125 0.447265625 0.091796875 0.140625
0 0.236328125 0.4775390625 0.171875 0.197265625