0 0.1044921875 0.3330078125 0.203125 0.150390625
0 0.2705078125 0.443359375 0.212890625 0.171875
0 0.5869140625 0.646484375 0.15234375 0.103515625
0 0.87890625 0.6064453125 0.154296875 0.099609375
0 0.1953125 0.748046875 0.134765625 0.09375
0 0.302734375 0.265625 0.111328125 0.12109375
0 0.369140625 0.1376953125 0.166015625 0.1328125
0 0.21484375 0.4150390625 0.38671875 0.3984375
0 0.3427734375 0.673828125 0.1171875 0.123046875
0 0.2314453125 0.7841796875 0.265625 0.169921875
0 0.255859375 0.91015625 0.20703125 0.15625
0 0.158203125 0.9677734375 0.07421875 0.064453125
0 0.6162109375 0.6396484375 0.333984375 0.162109375
0 0.447265625 0.640625 0.12109375 0.119140625
0 0.859375 0.6015625 0.2578125 0.1875
0 0.921875 0.4833984375 0.099609375 0.185546875
0 0.234375 0.087890625 0.0625 0.052734375
0 0.3466796875 0.2958984375 0.18359375 0.3671875
0 0.05859375 0.3876953125 0.1171875 0.244140625
0 0.552734375 0.3701171875 0.060546875 0.05859375
0 0.2001953125 0.662109375 0.28515625 0.2890625