0 0.537109375 0.171875 0.08984375 0.220703125
0 0.5908203125 0.1982421875 0.166015625 0.130859375
0 0.62109375 0.166015625 0.060546875 0.123046875
0 0.5810546875 0.33984375 0.169921875 0.236328125
0 0.6318359375 0.4521484375 0.0859375 0.341796875
0 0.5625 0.5107421875 0.076171875 0.25390625
0 0.5146484375 0.5546875 0.1484375 0.234375
0 0.47265625 0.3291015625 0.119140625 0.205078125
0 0.505859375 0.5830078125 0.18359375 0.248046875
0 0.4970703125 0.69140625 0.162109375 0.158203125
0 0.439453125 0.740234375 0.18359375 0.189453125
0 0.345703125 0.6064453125 0.083984375 0.08984375
0 0.2705078125 0.5830078125 0.103515625 0.083984375
0 0.3642578125 0.490234375 0.177734375 0.103515625
0 0.3251953125 0.689453125 0.111328125 0.15234375
0 0.474609375 0.1767578125 0.078125 0.193359375