0 0.66796875 0.0986328125 0.203125 0.197265625
0 0.818359375 0.1455078125 0.185546875 0.216796875
0 0.642578125 0.216796875 0.19140625 0.15234375
0 0.490234375 0.2119140625 0.310546875 0.259765625
0 0.3330078125 0.236328125 0.162109375 0.17578125
0 0.248046875 0.291015625 0.14453125 0.16015625
0 0.15234375 0.3515625 0.21875 0.1640625
0 0.08203125 0.4658203125 0.1328125 0.173828125
0 0.0908203125 0.607421875 0.0625 0.10546875
0 0.138671875 0.67578125 0.044921875 0.06640625
0 0.28125 0.6328125 0.109375 0.125
0 0.669921875 0.392578125 0.16796875 0.14453125
0 0.908203125 0.599609375 0.18359375 0.224609375
0 0.8828125 0.4296875 0.2265625 0.353515625
0 0.7626953125 0.4921875 0.193359375 0.51953125
0 0.7255859375 0.65234375 0.287109375 0.26171875
0 0.9306640625 0.810546875 0.138671875 0.3046875
0 0.7802734375 0.8125 0.181640625 0.1953125
0 0.662109375 0.458984375 0.3671875 0.3359375
0 0.447265625 0.3876953125 0.4375 0.224609375
0 0.337890625 0.4970703125 0.505859375 0.208984375
0 0.2646484375 0.64453125 0.294921875 0.22265625
0 0.4951171875 0.6630859375 0.255859375 0.134765625
0 0.4033203125 0.763671875 0.296875 0.1875
0 0.552734375 0.814453125 0.1875 0.177734375
0 0.6845703125 0.8427734375 0.103515625 0.16796875
0 0.466796875 0.1689453125 0.091796875 0.126953125