0 0.251953125 0.466796875 0.08984375 0.0859375
0 0.306640625 0.4892578125 0.04296875 0.162109375
0 0.345703125 0.4150390625 0.0625 0.08984375
0 0.412109375 0.41796875 0.076171875 0.140625
0 0.462890625 0.478515625 0.087890625 0.138671875
0 0.546875 0.466796875 0.107421875 0.107421875
0 0.6044921875 0.5146484375 0.07421875 0.10546875
0 0.666015625 0.4912109375 0.0859375 0.119140625
0 0.70703125 0.4931640625 0.08984375 0.181640625
0 0.7607421875 0.533203125 0.052734375 0.0625
0 0.5537109375 0.587890625 0.06640625 0.119140625
0 0.4892578125 0.603515625 0.09765625 0.138671875
0 0.4189453125 0.5576171875 0.10546875 0.13671875
0 0.353515625 0.5244140625 0.146484375 0.173828125
0 0.544921875 0.4130859375 0.07421875 0.076171875
0 0.671875 0.4404296875 0.076171875 0.091796875