0 0.474609375 0.857421875 0.099609375 0.091796875
0 0.5087890625 0.748046875 0.109375 0.111328125
0 0.552734375 0.6650390625 0.154296875 0.1328125
0 0.5126953125 0.1171875 0.099609375 0.1796875
0 0.4208984375 0.2861328125 0.046875 0.107421875
0 0.458984375 0.4052734375 0.13671875 0.115234375
0 0.583984375 0.525390625 0.1015625 0.140625
0 0.6015625 0.4365234375 0.10546875 0.068359375
0 0.421875 0.5556640625 0.037109375 0.0546875
0 0.4033203125 0.7919921875 0.05859375 0.140625
0 0.6162109375 0.330078125 0.0390625 0.0546875
0 0.482421875 0.3046875 0.06640625 0.0703125
0 0.462890625 0.2373046875 0.029296875 0.02734375
0 0.501953125 0.494140625 0.0234375 0.0546875