0 0.4931640625 0.3642578125 0.08984375 0.048828125
0 0.6201171875 0.3642578125 0.10546875 0.0546875
0 0.755859375 0.474609375 0.091796875 0.10546875
0 0.8525390625 0.5078125 0.12890625 0.08984375
0 0.916015625 0.498046875 0.14453125 0.115234375
0 0.74609375 0.5390625 0.0625 0.0625
0 0.7763671875 0.603515625 0.087890625 0.10546875
0 0.7412109375 0.6357421875 0.095703125 0.083984375
0 0.57421875 0.509765625 0.28515625 0.064453125
0 0.5810546875 0.3984375 0.20703125 0.048828125
0 0.38671875 0.5126953125 0.248046875 0.05859375