0 0.1962890625 0.46875 0.166015625 0.16796875
0 0.330078125 0.5048828125 0.2734375 0.095703125
0 0.431640625 0.4638671875 0.1953125 0.126953125
0 0.126953125 0.5625 0.162109375 0.1015625
0 0.1650390625 0.6640625 0.1953125 0.1015625
0 0.30859375 0.6357421875 0.203125 0.087890625
0 0.37890625 0.578125 0.2890625 0.15234375
0 0.3056640625 0.75 0.314453125 0.12109375
0 0.66796875 0.884765625 0.1953125 0.12109375
0 0.4931640625 0.4326171875 0.134765625 0.103515625
0 0.42578125 0.234375 0.13671875 0.1171875
0 0.380859375 0.396484375 0.421875 0.55859375
0 0.5869140625 0.4013671875 0.388671875 0.388671875
0 0.654296875 0.296875 0.326171875 0.3671875
0 0.41015625 0.1103515625 0.2734375 0.185546875
0 0.8876953125 0.4560546875 0.224609375 0.40625
0 0.8369140625 0.66796875 0.326171875 0.267578125
0 0.6689453125 0.75390625 0.423828125 0.296875
0 0.5146484375 0.8681640625 0.337890625 0.263671875
0 0.2880859375 0.759765625 0.419921875 0.25
0 0.140625 0.4375 0.1796875 0.306640625
0 0.1328125 0.2119140625 0.1484375 0.162109375