0 0.166015625 0.3154296875 0.0859375 0.11328125
0 0.4560546875 0.544921875 0.083984375 0.05859375
0 0.28515625 0.853515625 0.158203125 0.09765625
0 0.4638671875 0.935546875 0.068359375 0.087890625
0 0.859375 0.29296875 0.0703125 0.083984375
0 0.4453125 0.0625 0.248046875 0.125
0 0.40625 0.2109375 0.435546875 0.158203125
0 0.4443359375 0.1279296875 0.30078125 0.05859375
0 0.529296875 0.3310546875 0.142578125 0.111328125
0 0.697265625 0.2177734375 0.154296875 0.197265625
0 0.1728515625 0.2119140625 0.10546875 0.09765625
0 0.8935546875 0.720703125 0.09765625 0.10546875
0 0.7236328125 0.6171875 0.10546875 0.087890625
0 0.0380859375 0.6787109375 0.041015625 0.087890625
0 0.0517578125 0.3798828125 0.025390625 0.048828125