0 0.396484375 0.572265625 0.091796875 0.16796875
0 0.41015625 0.65234375 0.142578125 0.205078125
0 0.361328125 0.78515625 0.109375 0.1953125
0 0.2783203125 0.7099609375 0.099609375 0.177734375
0 0.3173828125 0.5654296875 0.119140625 0.22265625
0 0.3203125 0.3818359375 0.109375 0.271484375
0 0.390625 0.4208984375 0.125 0.287109375
0 0.451171875 0.33203125 0.078125 0.109375
0 0.314453125 0.1875 0.099609375 0.13671875
0 0.46484375 0.4931640625 0.1171875 0.220703125
0 0.2041015625 0.556640625 0.033203125 0.08984375