0 0.3427734375 0.0390625 0.107421875 0.078125
0 0.2021484375 0.3583984375 0.072265625 0.068359375
0 0.2265625 0.279296875 0.0859375 0.05078125
0 0.083984375 0.3212890625 0.04296875 0.056640625
0 0.166015625 0.5244140625 0.099609375 0.072265625
0 0.0224609375 0.49609375 0.044921875 0.0703125
0 0.2900390625 0.5986328125 0.150390625 0.048828125
0 0.2685546875 0.466796875 0.177734375 0.0859375
0 0.30078125 0.173828125 0.080078125 0.05078125
0 0.4619140625 0.2373046875 0.068359375 0.029296875
0 0.7255859375 0.275390625 0.232421875 0.18359375
0 0.7890625 0.4111328125 0.119140625 0.060546875
0 0.9169921875 0.4306640625 0.150390625 0.259765625
0 0.609375 0.3974609375 0.275390625 0.271484375
0 0.83203125 0.5205078125 0.30078125 0.21875
0 0.85546875 0.70703125 0.0625 0.0546875
0 0.611328125 0.55859375 0.1640625 0.12109375
0 0.6162109375 0.2421875 0.126953125 0.0625
0 0.326171875 0.388671875 0.10546875 0.04296875