0 0.5068359375 0.177734375 0.1328125 0.1953125
0 0.546875 0.17578125 0.123046875 0.150390625
0 0.6181640625 0.2685546875 0.11328125 0.109375
0 0.529296875 0.30078125 0.126953125 0.173828125
0 0.4462890625 0.2490234375 0.16796875 0.11328125
0 0.439453125 0.201171875 0.03125 0.044921875
0 0.3564453125 0.326171875 0.06640625 0.10546875
0 0.44921875 0.34765625 0.13671875 0.13671875
0 0.369140625 0.40234375 0.166015625 0.091796875
0 0.412109375 0.4658203125 0.15625 0.09765625
0 0.5234375 0.4423828125 0.158203125 0.13671875
0 0.6533203125 0.416015625 0.12109375 0.177734375
0 0.64453125 0.4384765625 0.06640625 0.162109375
0 0.34375 0.525390625 0.119140625 0.173828125
0 0.3359375 0.55078125 0.05859375 0.048828125
0 0.37890625 0.8017578125 0.0703125 0.0859375