0 0.5693359375 0.0830078125 0.18359375 0.166015625
0 0.4931640625 0.1669921875 0.1796875 0.1171875
0 0.591796875 0.1845703125 0.154296875 0.138671875
0 0.673828125 0.203125 0.130859375 0.24609375
0 0.7958984375 0.2119140625 0.140625 0.091796875
0 0.7724609375 0.1640625 0.095703125 0.060546875
0 0.83203125 0.341796875 0.064453125 0.15625
0 0.92578125 0.3330078125 0.103515625 0.123046875
0 0.9716796875 0.701171875 0.037109375 0.103515625
0 0.552734375 0.5576171875 0.134765625 0.109375
0 0.50390625 0.3798828125 0.177734375 0.107421875
0 0.423828125 0.2578125 0.212890625 0.1171875
0 0.2783203125 0.2177734375 0.181640625 0.119140625
0 0.1552734375 0.2822265625 0.068359375 0.08203125
0 0.265625 0.3203125 0.19921875 0.138671875
0 0.29296875 0.6396484375 0.14453125 0.09375
0 0.5478515625 0.27734375 0.140625 0.123046875
0 0.09765625 0.7294921875 0.076171875 0.048828125
0 0.53515625 0.9453125 0.0859375 0.109375
0 0.744140625 0.841796875 0.16015625 0.11328125
0 0.6318359375 0.5302734375 0.115234375 0.08203125