0 0.888671875 0.4921875 0.22265625 0.11328125
0 0.7177734375 0.494140625 0.205078125 0.166015625
0 0.6953125 0.4150390625 0.208984375 0.08203125
0 0.40234375 0.49609375 0.236328125 0.130859375
0 0.2314453125 0.4375 0.20703125 0.142578125
0 0.146484375 0.4853515625 0.099609375 0.1328125
0 0.2158203125 0.5546875 0.17578125 0.076171875
0 0.3505859375 0.392578125 0.169921875 0.060546875
0 0.4189453125 0.375 0.091796875 0.12109375
0 0.5634765625 0.41015625 0.23828125 0.109375
0 0.5732421875 0.5126953125 0.21484375 0.11328125
0 0.306640625 0.5712890625 0.2421875 0.107421875
0 0.529296875 0.580078125 0.296875 0.12109375
0 0.7373046875 0.576171875 0.162109375 0.107421875
0 0.8984375 0.4990234375 0.123046875 0.068359375