0 0.4443359375 0.4931640625 0.208984375 0.130859375
0 0.7626953125 0.2978515625 0.255859375 0.140625
0 0.91796875 0.4150390625 0.1640625 0.134765625
0 0.7978515625 0.4833984375 0.1484375 0.10546875
0 0.6962890625 0.3896484375 0.123046875 0.109375
0 0.650390625 0.517578125 0.123046875 0.146484375
0 0.447265625 0.4873046875 0.169921875 0.0703125
0 0.5712890625 0.55859375 0.423828125 0.07421875
0 0.693359375 0.4755859375 0.61328125 0.169921875
0 0.6806640625 0.2490234375 0.06640625 0.056640625
0 0.5771484375 0.33203125 0.138671875 0.091796875