0 0.689453125 0.3134765625 0.087890625 0.09375
0 0.4951171875 0.25 0.08203125 0.109375
0 0.447265625 0.3544921875 0.09765625 0.134765625
0 0.5517578125 0.3955078125 0.1171875 0.1953125
0 0.5830078125 0.3046875 0.091796875 0.095703125
0 0.619140625 0.525390625 0.1171875 0.21484375
0 0.548828125 0.6005859375 0.212890625 0.314453125
0 0.4541015625 0.4951171875 0.146484375 0.15234375
0 0.291015625 0.4326171875 0.130859375 0.109375
0 0.431640625 0.638671875 0.130859375 0.130859375
0 0.376953125 0.68359375 0.115234375 0.125
0 0.3564453125 0.7626953125 0.14453125 0.09765625
0 0.4541015625 0.76171875 0.08984375 0.087890625
0 0.5947265625 0.7763671875 0.189453125 0.1875
0 0.6962890625 0.7099609375 0.16796875 0.2109375
0 0.4208984375 0.4150390625 0.099609375 0.138671875