0 0.396484375 0.203125 0.1015625 0.24609375
0 0.4853515625 0.271484375 0.1484375 0.181640625
0 0.5673828125 0.4619140625 0.08984375 0.205078125
0 0.6103515625 0.5498046875 0.056640625 0.22265625
0 0.5712890625 0.6552734375 0.146484375 0.208984375
0 0.552734375 0.611328125 0.029296875 0.08203125
0 0.5439453125 0.7138671875 0.130859375 0.12890625
0 0.4990234375 0.5615234375 0.11328125 0.1875
0 0.2763671875 0.2919921875 0.1171875 0.1640625
0 0.3251953125 0.2333984375 0.0859375 0.15625
0 0.216796875 0.4404296875 0.083984375 0.169921875
0 0.2099609375 0.6240234375 0.08984375 0.146484375
0 0.2919921875 0.443359375 0.07421875 0.142578125