0 0.5029296875 0.076171875 0.10546875 0.14453125
0 0.587890625 0.28515625 0.099609375 0.16015625
0 0.5517578125 0.396484375 0.095703125 0.078125
0 0.498046875 0.4599609375 0.1328125 0.083984375
0 0.4375 0.56640625 0.068359375 0.115234375
0 0.4482421875 0.6943359375 0.09375 0.16796875
0 0.400390625 0.6650390625 0.076171875 0.080078125
0 0.4755859375 0.81640625 0.099609375 0.21875
0 0.4326171875 0.4833984375 0.07421875 0.078125
0 0.4345703125 0.4033203125 0.1328125 0.169921875
0 0.5419921875 0.2666015625 0.099609375 0.2265625
0 0.5068359375 0.1337890625 0.103515625 0.16796875
0 0.451171875 0.7734375 0.169921875 0.34375
0 0.53515625 0.5712890625 0.06640625 0.1796875
0 0.6611328125 0.529296875 0.068359375 0.212890625
0 0.5546875 0.81640625 0.048828125 0.20703125