0 0.330078125 0.228515625 0.083984375 0.0859375
0 0.4228515625 0.2138671875 0.12890625 0.103515625
0 0.396484375 0.32421875 0.138671875 0.162109375
0 0.4482421875 0.4130859375 0.09765625 0.275390625
0 0.466796875 0.630859375 0.08984375 0.224609375
0 0.4052734375 0.58203125 0.078125 0.099609375
0 0.29296875 0.5615234375 0.169921875 0.099609375
0 0.5673828125 0.5703125 0.15234375 0.19140625
0 0.583984375 0.416015625 0.16015625 0.224609375
0 0.5810546875 0.28125 0.17578125 0.1640625
0 0.666015625 0.2490234375 0.146484375 0.185546875
0 0.748046875 0.287109375 0.09765625 0.185546875
0 0.6875 0.64453125 0.08203125 0.1171875
0 0.6806640625 0.7041015625 0.078125 0.056640625
0 0.4814453125 0.767578125 0.099609375 0.083984375
0 0.662109375 0.3916015625 0.107421875 0.10546875
0 0.41796875 0.4931640625 0.2109375 0.138671875