0 0.1279296875 0.4111328125 0.076171875 0.103515625
0 0.3505859375 0.5625 0.123046875 0.1875
0 0.4609375 0.6162109375 0.109375 0.173828125
0 0.5537109375 0.5673828125 0.130859375 0.1875
0 0.6865234375 0.51171875 0.080078125 0.048828125
0 0.771484375 0.423828125 0.044921875 0.05078125
0 0.6064453125 0.4365234375 0.041015625 0.052734375
0 0.5087890625 0.458984375 0.072265625 0.03515625
0 0.5078125 0.390625 0.078125 0.0625
0 0.5302734375 0.7109375 0.150390625 0.2109375
0 0.6669921875 0.7275390625 0.154296875 0.271484375
0 0.7099609375 0.626953125 0.169921875 0.19921875
0 0.8291015625 0.732421875 0.111328125 0.232421875
0 0.765625 0.7607421875 0.1015625 0.189453125
0 0.392578125 0.3369140625 0.05078125 0.056640625