0 0.52734375 0.162109375 0.125 0.150390625
0 0.552734375 0.2998046875 0.138671875 0.197265625
0 0.544921875 0.33203125 0.111328125 0.08984375
0 0.5498046875 0.45703125 0.0703125 0.158203125
0 0.6240234375 0.513671875 0.12890625 0.21484375
0 0.609375 0.591796875 0.130859375 0.16015625
0 0.419921875 0.5498046875 0.126953125 0.203125
0 0.408203125 0.494140625 0.0625 0.173828125
0 0.4677734375 0.482421875 0.1015625 0.1640625
0 0.443359375 0.6982421875 0.099609375 0.142578125
0 0.501953125 0.83984375 0.14453125 0.1796875
0 0.5009765625 0.896484375 0.076171875 0.181640625
0 0.623046875 0.8203125 0.111328125 0.095703125
0 0.453125 0.2646484375 0.099609375 0.109375
0 0.4482421875 0.3818359375 0.134765625 0.240234375
0 0.61328125 0.3994140625 0.107421875 0.181640625