0 0.3486328125 0.2900390625 0.154296875 0.154296875
0 0.4345703125 0.2763671875 0.064453125 0.05859375
0 0.458984375 0.3017578125 0.02734375 0.0546875
0 0.5244140625 0.296875 0.0703125 0.109375
0 0.7607421875 0.3046875 0.1953125 0.162109375
0 0.6298828125 0.39453125 0.134765625 0.193359375
0 0.720703125 0.4228515625 0.169921875 0.09765625
0 0.4609375 0.3818359375 0.068359375 0.0703125
0 0.5341796875 0.4248046875 0.07421875 0.087890625
0 0.4296875 0.3994140625 0.03515625 0.021484375
0 0.39453125 0.3857421875 0.017578125 0.02734375
0 0.4921875 0.451171875 0.01171875 0.033203125
0 0.6376953125 0.2646484375 0.044921875 0.052734375
0 0.544921875 0.2236328125 0.0546875 0.02734375
0 0.57421875 0.271484375 0.05859375 0.06640625
0 0.787109375 0.322265625 0.14453125 0.09375
0 0.375 0.275390625 0.056640625 0.05859375
0 0.6171875 0.427734375 0.025390625 0.08984375