0 0.45703125 0.1513671875 0.060546875 0.2578125
0 0.49609375 0.205078125 0.06640625 0.1640625
0 0.4306640625 0.2099609375 0.107421875 0.099609375
0 0.4345703125 0.1767578125 0.048828125 0.05859375
0 0.4287109375 0.28125 0.11328125 0.1796875
0 0.4501953125 0.373046875 0.064453125 0.201171875
0 0.5029296875 0.3310546875 0.04296875 0.15234375
0 0.515625 0.646484375 0.10546875 0.095703125
0 0.447265625 0.6787109375 0.056640625 0.07421875
0 0.44921875 0.84375 0.076171875 0.134765625
0 0.5146484375 0.814453125 0.052734375 0.099609375
0 0.5576171875 0.8017578125 0.0546875 0.134765625