0 0.49609375 0.1787109375 0.1484375 0.259765625
0 0.4775390625 0.3232421875 0.1640625 0.35546875
0 0.375 0.3125 0.1015625 0.302734375
0 0.3447265625 0.3525390625 0.109375 0.1171875
0 0.326171875 0.4140625 0.11328125 0.09765625
0 0.4384765625 0.541015625 0.09375 0.119140625
0 0.5400390625 0.4921875 0.087890625 0.083984375
0 0.4931640625 0.3759765625 0.126953125 0.123046875
0 0.48046875 0.8203125 0.1953125 0.140625
0 0.609375 0.5771484375 0.1328125 0.083984375
0 0.60546875 0.4677734375 0.078125 0.115234375
0 0.3408203125 0.4970703125 0.169921875 0.09375
0 0.5263671875 0.8359375 0.064453125 0.076171875
0 0.59375 0.3701171875 0.087890625 0.13671875