0 0.5068359375 0.2158203125 0.07421875 0.234375
0 0.552734375 0.34375 0.10546875 0.265625
0 0.5830078125 0.4462890625 0.060546875 0.224609375
0 0.56640625 0.6083984375 0.083984375 0.15234375
0 0.5009765625 0.5302734375 0.146484375 0.197265625
0 0.51171875 0.755859375 0.078125 0.25
0 0.4169921875 0.26171875 0.119140625 0.091796875
0 0.4833984375 0.20703125 0.0546875 0.181640625
0 0.390625 0.4072265625 0.08203125 0.181640625
0 0.3564453125 0.466796875 0.068359375 0.201171875
0 0.380859375 0.6396484375 0.078125 0.169921875
0 0.4208984375 0.6474609375 0.12109375 0.203125
0 0.451171875 0.7900390625 0.111328125 0.125
0 0.42578125 0.5439453125 0.08984375 0.146484375
0 0.47265625 0.4130859375 0.134765625 0.259765625