0 0.376953125 0.224609375 0.306640625 0.083984375
0 0.591796875 0.2724609375 0.123046875 0.162109375
0 0.6962890625 0.3359375 0.138671875 0.1796875
0 0.7724609375 0.357421875 0.123046875 0.146484375
0 0.8447265625 0.37890625 0.09765625 0.13671875
0 0.755859375 0.4580078125 0.1015625 0.15625
0 0.69140625 0.51171875 0.103515625 0.15234375
0 0.611328125 0.5625 0.1171875 0.142578125
0 0.5078125 0.6279296875 0.17578125 0.150390625
0 0.4638671875 0.6259765625 0.232421875 0.158203125
0 0.38671875 0.5986328125 0.08984375 0.05859375
0 0.3466796875 0.5810546875 0.154296875 0.1875
0 0.2841796875 0.6123046875 0.1328125 0.123046875
0 0.3173828125 0.6083984375 0.123046875 0.0546875
0 0.3583984375 0.5634765625 0.30078125 0.154296875
0 0.5107421875 0.30859375 0.083984375 0.041015625
0 0.5771484375 0.451171875 0.12109375 0.1015625