0 0.3525390625 0.46875 0.076171875 0.115234375
0 0.3193359375 0.53515625 0.083984375 0.140625
0 0.263671875 0.6708984375 0.19921875 0.123046875
0 0.2568359375 0.61328125 0.119140625 0.1015625
0 0.2646484375 0.57421875 0.09765625 0.06640625
0 0.478515625 0.64453125 0.296875 0.2109375
0 0.4814453125 0.4951171875 0.259765625 0.236328125
0 0.6484375 0.4453125 0.32421875 0.24609375
0 0.7861328125 0.6015625 0.205078125 0.333984375
0 0.708984375 0.71875 0.24609375 0.404296875
0 0.5693359375 0.8642578125 0.298828125 0.271484375
0 0.427734375 0.8173828125 0.291015625 0.2265625
0 0.939453125 0.6279296875 0.12109375 0.26953125