0 0.8955078125 0.3291015625 0.05859375 0.13671875
0 0.697265625 0.4677734375 0.0703125 0.064453125
0 0.78515625 0.490234375 0.0703125 0.056640625
0 0.921875 0.50390625 0.06640625 0.126953125
0 0.64453125 0.5810546875 0.140625 0.068359375
0 0.5849609375 0.7412109375 0.087890625 0.146484375
0 0.5380859375 0.8896484375 0.150390625 0.17578125
0 0.2529296875 0.79296875 0.123046875 0.16796875
0 0.3720703125 0.7607421875 0.0546875 0.078125
0 0.431640625 0.9453125 0.083984375 0.109375
0 0.693359375 0.7822265625 0.23046875 0.287109375
0 0.791015625 0.703125 0.072265625 0.126953125
0 0.6787109375 0.5810546875 0.126953125 0.19140625
0 0.9765625 0.53125 0.046875 0.0546875