0 0.5390625 0.1181640625 0.13671875 0.142578125
0 0.4873046875 0.2255859375 0.130859375 0.0859375
0 0.4501953125 0.30078125 0.123046875 0.068359375
0 0.4482421875 0.375 0.126953125 0.11328125
0 0.46484375 0.515625 0.134765625 0.119140625
0 0.55078125 0.58203125 0.134765625 0.1171875
0 0.5859375 0.6904296875 0.08984375 0.134765625
0 0.5126953125 0.7900390625 0.076171875 0.13671875
0 0.48828125 0.916015625 0.0546875 0.158203125
0 0.4052734375 0.6103515625 0.091796875 0.15625
0 0.578125 0.21875 0.099609375 0.095703125
0 0.546875 0.373046875 0.07421875 0.18359375
0 0.6435546875 0.4677734375 0.03515625 0.1171875
0 0.5283203125 0.59375 0.162109375 0.201171875
0 0.537109375 0.7138671875 0.095703125 0.083984375