0 0.3271484375 0.5556640625 0.08984375 0.1015625
0 0.3291015625 0.6640625 0.064453125 0.05859375
0 0.5390625 0.4169921875 0.0859375 0.115234375
0 0.587890625 0.4541015625 0.068359375 0.126953125
0 0.634765625 0.4794921875 0.078125 0.17578125
0 0.6611328125 0.43359375 0.068359375 0.142578125
0 0.6083984375 0.3642578125 0.05859375 0.130859375
0 0.6513671875 0.361328125 0.064453125 0.125
0 0.5849609375 0.361328125 0.080078125 0.0859375
0 0.560546875 0.521484375 0.08984375 0.1484375
0 0.6162109375 0.58984375 0.068359375 0.125
0 0.640625 0.578125 0.072265625 0.08203125