0 0.5107421875 0.123046875 0.087890625 0.14453125
0 0.5888671875 0.1513671875 0.095703125 0.09765625
0 0.6484375 0.1787109375 0.076171875 0.083984375
0 0.466796875 0.166015625 0.193359375 0.134765625
0 0.4580078125 0.2548828125 0.16796875 0.125
0 0.3935546875 0.30859375 0.12109375 0.12109375
0 0.3193359375 0.3515625 0.0703125 0.05078125
0 0.380859375 0.65625 0.162109375 0.185546875
0 0.7734375 0.6298828125 0.064453125 0.1953125
0 0.8173828125 0.51171875 0.095703125 0.29296875
0 0.6064453125 0.87109375 0.107421875 0.060546875
0 0.7529296875 0.7177734375 0.048828125 0.099609375
0 0.533203125 0.94140625 0.03125 0.1171875