0 0.4453125 0.3369140625 0.125 0.078125
0 0.3720703125 0.3994140625 0.076171875 0.0546875
0 0.439453125 0.4638671875 0.1015625 0.126953125
0 0.380859375 0.55078125 0.103515625 0.16796875
0 0.4111328125 0.6171875 0.115234375 0.177734375
0 0.4130859375 0.7177734375 0.138671875 0.189453125
0 0.4228515625 0.8310546875 0.12890625 0.251953125
0 0.482421875 0.7626953125 0.107421875 0.21875
0 0.5322265625 0.7802734375 0.126953125 0.130859375
0 0.62109375 0.501953125 0.078125 0.080078125
0 0.58984375 0.71484375 0.060546875 0.09375
0 0.537109375 0.119140625 0.0625 0.044921875
0 0.3837890625 0.25390625 0.048828125 0.076171875