0 0.6640625 0.484375 0.3984375 0.146484375
0 0.69921875 0.2548828125 0.2265625 0.169921875
0 0.71875 0.3701171875 0.36328125 0.197265625
0 0.5361328125 0.2958984375 0.208984375 0.353515625
0 0.818359375 0.4423828125 0.310546875 0.337890625
0 0.9365234375 0.720703125 0.0625 0.091796875
0 0.576171875 0.6103515625 0.30859375 0.115234375
0 0.6787109375 0.72265625 0.37890625 0.125
0 0.822265625 0.6611328125 0.287109375 0.138671875
0 0.2802734375 0.267578125 0.3125 0.1171875
0 0.4365234375 0.2451171875 0.4765625 0.177734375
0 0.408203125 0.4033203125 0.462890625 0.244140625
0 0.3798828125 0.556640625 0.279296875 0.291015625
0 0.4541015625 0.71875 0.171875 0.150390625
0 0.470703125 0.8740234375 0.0859375 0.23046875
0 0.5986328125 0.8916015625 0.208984375 0.134765625
0 0.59375 0.80859375 0.142578125 0.13671875
0 0.41796875 0.9189453125 0.09375 0.162109375
0 0.0390625 0.4697265625 0.078125 0.171875
0 0.1640625 0.3076171875 0.162109375 0.09765625
0 0.392578125 0.1259765625 0.185546875 0.251953125