0 0.4296875 0.2724609375 0.078125 0.044921875
0 0.4287109375 0.2958984375 0.037109375 0.056640625
0 0.8310546875 0.4384765625 0.13671875 0.12109375
0 0.8857421875 0.4541015625 0.138671875 0.09375
0 0.7998046875 0.4990234375 0.08984375 0.0859375
0 0.603515625 0.6044921875 0.138671875 0.208984375
0 0.5771484375 0.6240234375 0.123046875 0.13671875
0 0.5458984375 0.634765625 0.259765625 0.201171875
0 0.5029296875 0.615234375 0.333984375 0.193359375
0 0.46484375 0.603515625 0.26171875 0.2109375
0 0.4833984375 0.5576171875 0.216796875 0.169921875
0 0.3876953125 0.615234375 0.111328125 0.20703125