0 0.33984375 0.3466796875 0.05078125 0.052734375
0 0.443359375 0.400390625 0.05078125 0.07421875
0 0.3896484375 0.4853515625 0.060546875 0.060546875
0 0.3271484375 0.53515625 0.044921875 0.0546875
0 0.373046875 0.611328125 0.05859375 0.068359375
0 0.4287109375 0.580078125 0.029296875 0.07421875
0 0.328125 0.6884765625 0.046875 0.087890625
0 0.5654296875 0.23046875 0.052734375 0.078125
0 0.5712890625 0.3525390625 0.099609375 0.166015625
0 0.6494140625 0.3408203125 0.095703125 0.224609375
0 0.734375 0.2880859375 0.119140625 0.193359375
0 0.744140625 0.4541015625 0.16796875 0.2578125
0 0.69921875 0.5361328125 0.1484375 0.1875
0 0.611328125 0.5029296875 0.23046875 0.228515625
0 0.578125 0.6787109375 0.12890625 0.130859375
0 0.4990234375 0.740234375 0.115234375 0.16015625
0 0.626953125 0.7373046875 0.146484375 0.115234375
0 0.4833984375 0.90625 0.052734375 0.0703125
0 0.576171875 0.1044921875 0.05859375 0.068359375