0 0.666015625 0.451171875 0.109375 0.125
0 0.8154296875 0.4453125 0.123046875 0.109375
0 0.8935546875 0.52734375 0.09765625 0.1171875
0 0.9130859375 0.48046875 0.09375 0.10546875
0 0.3984375 0.326171875 0.09765625 0.072265625
0 0.6640625 0.330078125 0.310546875 0.1171875
0 0.3857421875 0.498046875 0.623046875 0.28515625
0 0.455078125 0.501953125 0.59375 0.29296875
0 0.81640625 0.4423828125 0.294921875 0.267578125
0 0.5205078125 0.3515625 0.41015625 0.1484375
0 0.140625 0.4453125 0.189453125 0.138671875