0 0.208984375 0.578125 0.37109375 0.193359375
0 0.4462890625 0.4130859375 0.171875 0.130859375
0 0.3935546875 0.2998046875 0.07421875 0.056640625
0 0.2744140625 0.3291015625 0.13671875 0.08203125
0 0.2783203125 0.4423828125 0.14453125 0.087890625
0 0.4501953125 0.5693359375 0.16796875 0.212890625
0 0.3564453125 0.55859375 0.12109375 0.09765625
0 0.30078125 0.734375 0.15234375 0.19921875
0 0.5380859375 0.8984375 0.330078125 0.203125
0 0.69921875 0.76953125 0.234375 0.150390625
0 0.6103515625 0.697265625 0.083984375 0.05078125