0 0.181640625 0.3291015625 0.208984375 0.185546875
0 0.12109375 0.41015625 0.234375 0.1171875
0 0.2890625 0.5166015625 0.35546875 0.119140625
0 0.4404296875 0.5810546875 0.28515625 0.146484375
0 0.5927734375 0.5751953125 0.169921875 0.087890625
0 0.8642578125 0.3037109375 0.251953125 0.271484375
0 0.658203125 0.373046875 0.078125 0.06640625
0 0.7158203125 0.8212890625 0.255859375 0.134765625
0 0.4423828125 0.7880859375 0.185546875 0.08984375
0 0.2685546875 0.7333984375 0.19140625 0.158203125
0 0.1640625 0.6904296875 0.24609375 0.162109375
0 0.259765625 0.6220703125 0.26953125 0.154296875
0 0.337890625 0.3544921875 0.12890625 0.126953125
0 0.62109375 0.115234375 0.09765625 0.05078125
0 0.9384765625 0.7255859375 0.103515625 0.08984375
0 0.4365234375 0.6875 0.177734375 0.0859375
0 0.09375 0.50390625 0.13671875 0.0859375