0 0.537109375 0.12109375 0.06640625 0.060546875
0 0.47265625 0.1826171875 0.1015625 0.146484375
0 0.470703125 0.2685546875 0.078125 0.087890625
0 0.4765625 0.4345703125 0.103515625 0.095703125
0 0.41015625 0.46875 0.0625 0.0859375
0 0.3779296875 0.5078125 0.130859375 0.10546875
0 0.5517578125 0.587890625 0.056640625 0.11328125
0 0.6083984375 0.5673828125 0.103515625 0.15625
0 0.662109375 0.4892578125 0.1015625 0.203125
0 0.6884765625 0.4326171875 0.060546875 0.201171875
0 0.5732421875 0.2998046875 0.06640625 0.103515625
0 0.5810546875 0.4140625 0.076171875 0.1484375
0 0.646484375 0.3408203125 0.060546875 0.193359375
0 0.5947265625 0.6455078125 0.048828125 0.103515625
0 0.66796875 0.625 0.0859375 0.08984375
0 0.408203125 0.7685546875 0.08203125 0.111328125
0 0.4375 0.8212890625 0.0859375 0.173828125
0 0.4638671875 0.8662109375 0.06640625 0.130859375
0 0.576171875 0.724609375 0.076171875 0.0625
0 0.5751953125 0.2099609375 0.083984375 0.080078125
0 0.421875 0.4599609375 0.09375 0.150390625
0 0.4794921875 0.626953125 0.111328125 0.08984375
0 0.447265625 0.3505859375 0.0625 0.056640625