0 0.171875 0.537109375 0.20703125 0.189453125
0 0.2138671875 0.4453125 0.0859375 0.12109375
0 0.3505859375 0.3837890625 0.203125 0.052734375
0 0.4375 0.408203125 0.158203125 0.1953125
0 0.490234375 0.3623046875 0.158203125 0.142578125
0 0.3759765625 0.3310546875 0.15625 0.07421875
0 0.5615234375 0.3740234375 0.169921875 0.185546875
0 0.662109375 0.3779296875 0.130859375 0.14453125
0 0.8779296875 0.470703125 0.0546875 0.06640625
0 0.3916015625 0.669921875 0.154296875 0.107421875
0 0.310546875 0.626953125 0.138671875 0.0859375
0 0.5048828125 0.7314453125 0.158203125 0.060546875
0 0.33984375 0.451171875 0.169921875 0.072265625
0 0.33203125 0.54296875 0.125 0.095703125
0 0.2001953125 0.57421875 0.205078125 0.087890625