0 0.46875 0.076171875 0.1796875 0.15234375
0 0.318359375 0.0966796875 0.21875 0.19140625
0 0.5166015625 0.1650390625 0.14453125 0.158203125
0 0.421875 0.22265625 0.125 0.125
0 0.4619140625 0.369140625 0.076171875 0.087890625
0 0.4697265625 0.5009765625 0.03515625 0.072265625
0 0.4482421875 0.5361328125 0.0625 0.048828125
0 0.40625 0.5576171875 0.099609375 0.07421875
0 0.2939453125 0.5732421875 0.0703125 0.078125
0 0.2373046875 0.6845703125 0.099609375 0.0703125
0 0.1884765625 0.509765625 0.0859375 0.0625
0 0.7783203125 0.330078125 0.080078125 0.138671875
0 0.6357421875 0.4609375 0.078125 0.03515625
0 0.5078125 0.626953125 0.1015625 0.11328125
0 0.4619140625 0.7568359375 0.04296875 0.103515625
0 0.5458984375 0.8232421875 0.076171875 0.09765625
0 0.2353515625 0.783203125 0.087890625 0.056640625
0 0.93359375 0.3720703125 0.103515625 0.0859375
0 0.923828125 0.638671875 0.07421875 0.05078125
0 0.1376953125 0.2841796875 0.228515625 0.2265625
0 0.25 0.2197265625 0.23046875 0.1640625
0 0.0361328125 0.3291015625 0.072265625 0.095703125
0 0.5966796875 0.3115234375 0.341796875 0.1953125
0 0.6640625 0.205078125 0.234375 0.279296875
0 0.3408203125 0.3818359375 0.33203125 0.275390625
0 0.5634765625 0.44921875 0.212890625 0.15625
0 0.212890625 0.517578125 0.19921875 0.220703125
0 0.3564453125 0.6396484375 0.208984375 0.212890625
0 0.3857421875 0.783203125 0.271484375 0.140625
0 0.201171875 0.7705078125 0.12890625 0.1171875
0 0.6904296875 0.4677734375 0.068359375 0.13671875