0 0.2939453125 0.6328125 0.056640625 0.16015625
0 0.34375 0.603515625 0.05859375 0.16796875
0 0.380859375 0.572265625 0.060546875 0.171875
0 0.3857421875 0.6962890625 0.083984375 0.1015625
0 0.4306640625 0.71875 0.064453125 0.1171875
0 0.3916015625 0.7666015625 0.083984375 0.126953125
0 0.337890625 0.7666015625 0.099609375 0.134765625
0 0.333984375 0.7197265625 0.04296875 0.1015625
0 0.3046875 0.7744140625 0.103515625 0.173828125
0 0.3291015625 0.8837890625 0.091796875 0.173828125
0 0.5595703125 0.3388671875 0.068359375 0.181640625