0 0.7958984375 0.5478515625 0.0859375 0.087890625
0 0.666015625 0.501953125 0.2109375 0.083984375
0 0.537109375 0.4951171875 0.123046875 0.09375
0 0.3603515625 0.4501953125 0.251953125 0.064453125
0 0.4560546875 0.384765625 0.234375 0.076171875
0 0.1640625 0.4833984375 0.0859375 0.1171875
0 0.13671875 0.5185546875 0.125 0.0703125
0 0.1669921875 0.57421875 0.140625 0.109375
0 0.46484375 0.587890625 0.130859375 0.181640625
0 0.423828125 0.6220703125 0.115234375 0.109375
0 0.55859375 0.611328125 0.216796875 0.158203125
0 0.65625 0.55078125 0.22265625 0.13671875
0 0.666015625 0.4365234375 0.1953125 0.1484375
0 0.8173828125 0.4736328125 0.20703125 0.1171875
0 0.3818359375 0.4990234375 0.09375 0.07421875