0 0.0634765625 0.310546875 0.126953125 0.115234375
0 0.15625 0.400390625 0.099609375 0.31640625
0 0.109375 0.40625 0.08203125 0.125
0 0.1865234375 0.529296875 0.03515625 0.263671875
0 0.2275390625 0.6357421875 0.072265625 0.2265625
0 0.271484375 0.5224609375 0.109375 0.20703125
0 0.3173828125 0.4833984375 0.1171875 0.212890625
0 0.3583984375 0.3837890625 0.14453125 0.205078125
0 0.4228515625 0.353515625 0.154296875 0.251953125
0 0.2822265625 0.2626953125 0.1328125 0.23046875
0 0.25390625 0.2939453125 0.16015625 0.29296875
0 0.31640625 0.1845703125 0.134765625 0.24609375
0 0.2802734375 0.1337890625 0.0859375 0.099609375
0 0.4169921875 0.2021484375 0.064453125 0.212890625
0 0.8779296875 0.615234375 0.06640625 0.125
0 0.705078125 0.9228515625 0.16796875 0.15234375
0 0.8642578125 0.2626953125 0.07421875 0.1953125
0 0.5556640625 0.3671875 0.037109375 0.09375
0 0.4248046875 0.5712890625 0.04296875 0.099609375
0 0.275390625 0.6630859375 0.099609375 0.150390625