0 0.4990234375 0.875 0.10546875 0.11328125
0 0.5517578125 0.71875 0.080078125 0.130859375
0 0.5556640625 0.58984375 0.0625 0.189453125
0 0.615234375 0.5556640625 0.09765625 0.1484375
0 0.5302734375 0.453125 0.078125 0.138671875
0 0.453125 0.29296875 0.14453125 0.19140625
0 0.4580078125 0.2255859375 0.0703125 0.1015625
0 0.5263671875 0.212890625 0.115234375 0.228515625
0 0.431640625 0.5029296875 0.123046875 0.197265625
0 0.375 0.5126953125 0.103515625 0.291015625
0 0.4228515625 0.82421875 0.08984375 0.150390625
0 0.5126953125 0.63671875 0.076171875 0.0859375
0 0.41796875 0.3740234375 0.1328125 0.169921875
0 0.630859375 0.4853515625 0.056640625 0.173828125
0 0.5791015625 0.326171875 0.06640625 0.072265625
0 0.603515625 0.3837890625 0.064453125 0.271484375