0 0.4716796875 0.046875 0.203125 0.0859375
0 0.2734375 0.224609375 0.115234375 0.2109375
0 0.439453125 0.3427734375 0.27734375 0.2109375
0 0.5126953125 0.3896484375 0.140625 0.15625
0 0.685546875 0.3896484375 0.169921875 0.11328125
0 0.220703125 0.3837890625 0.318359375 0.12890625
0 0.06640625 0.408203125 0.115234375 0.095703125
0 0.197265625 0.5068359375 0.134765625 0.126953125
0 0.337890625 0.5361328125 0.173828125 0.197265625
0 0.501953125 0.55078125 0.15625 0.181640625
0 0.6171875 0.640625 0.140625 0.2734375
0 0.7216796875 0.51953125 0.23046875 0.134765625
0 0.4150390625 0.6552734375 0.146484375 0.138671875
0 0.333984375 0.6953125 0.29296875 0.2265625
0 0.458984375 0.78125 0.171875 0.263671875
0 0.544921875 0.859375 0.111328125 0.28125
0 0.71484375 0.9189453125 0.119140625 0.123046875
0 0.904296875 0.591796875 0.11328125 0.1953125
0 0.7255859375 0.669921875 0.208984375 0.24609375
0 0.3564453125 0.162109375 0.060546875 0.126953125
0 0.4599609375 0.595703125 0.6640625 0.666015625
0 0.92578125 0.4462890625 0.14453125 0.103515625