0 0.51953125 0.1259765625 0.09375 0.1484375
0 0.486328125 0.2431640625 0.10546875 0.095703125
0 0.4775390625 0.458984375 0.099609375 0.14453125
0 0.498046875 0.390625 0.08203125 0.044921875
0 0.5302734375 0.580078125 0.0625 0.0703125
0 0.509765625 0.6376953125 0.091796875 0.11328125
0 0.572265625 0.6689453125 0.087890625 0.09765625
0 0.638671875 0.6611328125 0.099609375 0.134765625
0 0.490234375 0.80078125 0.107421875 0.146484375
0 0.4736328125 0.6552734375 0.181640625 0.3359375
0 0.4560546875 0.8232421875 0.1015625 0.146484375
0 0.494140625 0.3984375 0.19140625 0.326171875
0 0.5341796875 0.291015625 0.1171875 0.404296875
0 0.591796875 0.6201171875 0.1015625 0.24609375
0 0.482421875 0.5517578125 0.1875 0.57421875