0 0.400390625 0.1845703125 0.169921875 0.16015625
0 0.3583984375 0.287109375 0.181640625 0.109375
0 0.48828125 0.283203125 0.1796875 0.15234375
0 0.548828125 0.3583984375 0.1484375 0.125
0 0.5869140625 0.48046875 0.142578125 0.130859375
0 0.6513671875 0.517578125 0.130859375 0.17578125
0 0.6083984375 0.654296875 0.14453125 0.154296875
0 0.619140625 0.7216796875 0.115234375 0.181640625
0 0.5283203125 0.701171875 0.1015625 0.103515625
0 0.5458984375 0.6025390625 0.169921875 0.13671875
0 0.318359375 0.3642578125 0.126953125 0.10546875
0 0.2890625 0.4765625 0.109375 0.09375
0 0.3662109375 0.5087890625 0.052734375 0.109375