0 0.4833984375 0.4921875 0.123046875 0.228515625
0 0.607421875 0.5048828125 0.15234375 0.251953125
0 0.7041015625 0.5263671875 0.115234375 0.216796875
0 0.77734375 0.474609375 0.18359375 0.171875
0 0.900390625 0.517578125 0.14453125 0.15234375
0 0.8134765625 0.634765625 0.103515625 0.171875
0 0.8525390625 0.63671875 0.091796875 0.1328125
0 0.7607421875 0.7451171875 0.177734375 0.283203125
0 0.7060546875 0.7724609375 0.177734375 0.224609375
0 0.642578125 0.7119140625 0.146484375 0.224609375
0 0.2294921875 0.490234375 0.134765625 0.11328125
0 0.375 0.5322265625 0.15625 0.197265625
0 0.3740234375 0.419921875 0.126953125 0.15234375
0 0.3125 0.4375 0.1484375 0.171875
0 0.130859375 0.5947265625 0.1171875 0.0859375
0 0.291015625 0.7451171875 0.08984375 0.115234375
0 0.240234375 0.6484375 0.107421875 0.103515625
0 0.4091796875 0.765625 0.087890625 0.119140625
0 0.4951171875 0.794921875 0.095703125 0.14453125
0 0.548828125 0.8330078125 0.052734375 0.095703125
0 0.4296875 0.6591796875 0.53515625 0.388671875
0 0.1787109375 0.654296875 0.21484375 0.23046875