0 0.44921875 0.6591796875 0.109375 0.146484375
0 0.333984375 0.294921875 0.1171875 0.205078125
0 0.3056640625 0.4658203125 0.13671875 0.150390625
0 0.3291015625 0.6025390625 0.0625 0.087890625
0 0.2841796875 0.625 0.115234375 0.103515625
0 0.2685546875 0.7314453125 0.056640625 0.078125
0 0.3056640625 0.8291015625 0.068359375 0.08984375
0 0.361328125 0.71875 0.080078125 0.1171875
0 0.416015625 0.8759765625 0.0625 0.23046875
0 0.56640625 0.732421875 0.07421875 0.107421875
0 0.583984375 0.6337890625 0.123046875 0.107421875
0 0.6142578125 0.4560546875 0.115234375 0.17578125
0 0.48046875 0.296875 0.068359375 0.0703125
0 0.5810546875 0.310546875 0.0859375 0.1328125
0 0.572265625 0.8486328125 0.07421875 0.138671875
0 0.4794921875 0.8740234375 0.029296875 0.056640625
0 0.5654296875 0.5439453125 0.078125 0.125
0 0.34765625 0.939453125 0.08203125 0.12109375