0 0.474609375 0.0322265625 0.123046875 0.064453125
0 0.306640625 0.3740234375 0.0859375 0.15625
0 0.32421875 0.51953125 0.09375 0.052734375
0 0.7119140625 0.3720703125 0.125 0.103515625
0 0.880859375 0.3359375 0.158203125 0.111328125
0 0.59375 0.486328125 0.09765625 0.134765625
0 0.4853515625 0.203125 0.0703125 0.1015625
0 0.447265625 0.3544921875 0.0546875 0.0546875
0 0.478515625 0.466796875 0.044921875 0.0546875
0 0.099609375 0.44921875 0.05078125 0.072265625
0 0.7939453125 0.232421875 0.14453125 0.0703125
0 0.583984375 0.2744140625 0.2890625 0.42578125
0 0.3291015625 0.21875 0.23046875 0.146484375
0 0.4150390625 0.1220703125 0.0703125 0.076171875
0 0.6298828125 0.5888671875 0.251953125 0.064453125
0 0.26171875 0.44921875 0.326171875 0.26953125
0 0.87890625 0.4501953125 0.2421875 0.099609375
0 0.4697265625 0.5712890625 0.1171875 0.10546875
0 0.234375 0.5537109375 0.3984375 0.21875