0 0.369140625 0.4775390625 0.318359375 0.15625
0 0.2822265625 0.30859375 0.189453125 0.205078125
0 0.365234375 0.314453125 0.171875 0.3046875
0 0.1943359375 0.4169921875 0.19921875 0.15234375
0 0.212890625 0.35546875 0.125 0.08984375
0 0.177734375 0.3017578125 0.0390625 0.052734375
0 0.509765625 0.3154296875 0.22265625 0.380859375
0 0.6318359375 0.1162109375 0.171875 0.232421875
0 0.7060546875 0.2763671875 0.20703125 0.150390625
0 0.7958984375 0.240234375 0.173828125 0.15234375
0 0.701171875 0.4140625 0.294921875 0.1875
0 0.625 0.55078125 0.33984375 0.158203125
0 0.142578125 0.4853515625 0.255859375 0.177734375
0 0.3740234375 0.6064453125 0.3359375 0.15234375
0 0.095703125 0.7294921875 0.109375 0.123046875
0 0.3779296875 0.7724609375 0.1015625 0.08984375
0 0.3291015625 0.6884765625 0.46484375 0.279296875
0 0.404296875 0.8740234375 0.20703125 0.1328125
0 0.5517578125 0.7724609375 0.181640625 0.455078125
0 0.9638671875 0.4736328125 0.072265625 0.197265625
0 0.123046875 0.6962890625 0.24609375 0.162109375
0 0.638671875 0.677734375 0.130859375 0.068359375
0 0.8544921875 0.5 0.068359375 0.060546875