0 0.3603515625 0.4169921875 0.162109375 0.201171875
0 0.369140625 0.576171875 0.12109375 0.22265625
0 0.337890625 0.5810546875 0.134765625 0.1484375
0 0.3798828125 0.712890625 0.072265625 0.1640625
0 0.4658203125 0.7822265625 0.12109375 0.1328125
0 0.53125 0.8681640625 0.091796875 0.119140625
0 0.564453125 0.7998046875 0.11328125 0.111328125
0 0.6337890625 0.734375 0.123046875 0.16015625
0 0.6845703125 0.5986328125 0.1171875 0.140625
0 0.73828125 0.4931640625 0.08203125 0.181640625
0 0.4150390625 0.44921875 0.111328125 0.240234375
0 0.4912109375 0.1650390625 0.056640625 0.13671875
0 0.48046875 0.6533203125 0.10546875 0.220703125