0 0.3515625 0.173828125 0.078125 0.109375
0 0.421875 0.0888671875 0.078125 0.1484375
0 0.4892578125 0.1884765625 0.076171875 0.09765625
0 0.435546875 0.27734375 0.0703125 0.0703125
0 0.509765625 0.2978515625 0.048828125 0.060546875
0 0.494140625 0.3779296875 0.0390625 0.07421875
0 0.4560546875 0.39453125 0.064453125 0.048828125
0 0.369140625 0.3544921875 0.048828125 0.05078125
0 0.37890625 0.4248046875 0.109375 0.080078125
0 0.4287109375 0.4970703125 0.0390625 0.08203125
0 0.4013671875 0.4951171875 0.0625 0.0703125
0 0.3544921875 0.5478515625 0.06640625 0.125
0 0.3232421875 0.474609375 0.0703125 0.060546875
0 0.28125 0.396484375 0.12109375 0.09765625
0 0.3095703125 0.2958984375 0.185546875 0.111328125
0 0.2822265625 0.25 0.0859375 0.09375
0 0.2412109375 0.4326171875 0.0625 0.10546875
0 0.236328125 0.5087890625 0.0859375 0.03515625
0 0.2060546875 0.5625 0.037109375 0.056640625
0 0.267578125 0.5458984375 0.041015625 0.0546875
0 0.232421875 0.64453125 0.052734375 0.087890625
0 0.294921875 0.658203125 0.029296875 0.033203125
0 0.275390625 0.720703125 0.037109375 0.02734375
0 0.2578125 0.7548828125 0.05859375 0.05859375
0 0.3193359375 0.810546875 0.029296875 0.103515625
0 0.3740234375 0.861328125 0.07421875 0.07421875
0 0.4892578125 0.787109375 0.068359375 0.08984375
0 0.521484375 0.7158203125 0.04296875 0.076171875
0 0.5166015625 0.5 0.06640625 0.080078125
0 0.6142578125 0.5185546875 0.056640625 0.13671875
0 0.447265625 0.6826171875 0.0546875 0.05859375