0 0.7763671875 0.2578125 0.14453125 0.2109375
0 0.9140625 0.306640625 0.166015625 0.28125
0 0.916015625 0.4921875 0.115234375 0.197265625
0 0.6884765625 0.6845703125 0.103515625 0.095703125
0 0.53125 0.796875 0.0859375 0.06640625
0 0.33984375 0.748046875 0.1328125 0.12890625
0 0.26953125 0.810546875 0.25390625 0.1640625
0 0.4853515625 0.8447265625 0.376953125 0.236328125
0 0.6787109375 0.87890625 0.443359375 0.234375
0 0.6435546875 0.9189453125 0.318359375 0.162109375
0 0.7392578125 0.48046875 0.193359375 0.22265625
0 0.7626953125 0.6533203125 0.236328125 0.28125
0 0.8876953125 0.7119140625 0.224609375 0.49609375
0 0.5576171875 0.6728515625 0.271484375 0.2265625
0 0.3544921875 0.7021484375 0.392578125 0.23046875
0 0.14453125 0.6279296875 0.2421875 0.232421875
0 0.21875 0.3828125 0.27734375 0.109375
0 0.21875 0.3466796875 0.16015625 0.134765625
0 0.4111328125 0.32421875 0.283203125 0.359375
0 0.669921875 0.3134765625 0.41015625 0.302734375
0 0.6728515625 0.2998046875 0.107421875 0.228515625
0 0.4248046875 0.44140625 0.12890625 0.267578125
0 0.1474609375 0.48046875 0.291015625 0.16796875
0 0.845703125 0.1572265625 0.109375 0.087890625