0 0.3681640625 0.1796875 0.1015625 0.10546875
0 0.4873046875 0.1494140625 0.126953125 0.16015625
0 0.5478515625 0.1513671875 0.11328125 0.220703125
0 0.607421875 0.2490234375 0.107421875 0.1875
0 0.6748046875 0.3408203125 0.0703125 0.15234375
0 0.6435546875 0.6611328125 0.0859375 0.158203125
0 0.677734375 0.66796875 0.103515625 0.138671875
0 0.232421875 0.265625 0.0546875 0.04296875
0 0.2275390625 0.3828125 0.08203125 0.158203125
0 0.2080078125 0.5810546875 0.09375 0.228515625
0 0.25 0.6943359375 0.080078125 0.18359375
0 0.3896484375 0.8740234375 0.1796875 0.125
0 0.458984375 0.93359375 0.083984375 0.115234375
0 0.5595703125 0.67578125 0.029296875 0.09765625